(0, 0)
(-1, 0)
(-2, -1)
(-1, -2)
(-1, -1)
(0, 1)
(1, 2)
(2, 3)
(1, 4)
(2, 5)
(1, 6)
(1, 7)
(2, 8)
(2, 9)
(2, 10)
(3, 11)
(4, 12)
(3, 12)
(2, 11)
(2, 13)
(1, 14)
(0, 13)
(-1, 14)
(-1, 12)
(-2, 11)
(-2, 10)
(-3, 11)
(-4, 12)
(-5, 13)
(-4, 14)
(-3, 15)
(-2, 15)
(-3, 14)
(-4, 13)
(-6, 12)
(-7, 13)
(-6, 14)
(-4, 10)
(-4, 9)
(-3, 8)
(-2, 9)
(-1, 8)
(-2, 7)
(-1, 6)
(0, 6)
(2, 7)
(3, 7)
(4, 8)
(5, 9)
(6, 9)
(7, 10)
(7, 11)
(6, 12)
(5, 12)
(4, 11)
(3, 10)
(1, 9)
(0, 9)
(-1, 9)
(-2, 8)
(1, 5)
(3, 3)
(2, 2)
(2, 1)
(1, 0)
(-1, 2)
(-2, 2)
(0, 2)
(1, 3)
(3, 2)
(1, 1)
(-2, -2)
(-3, -1)
(-3, 0)
(-3, 1)
(-3, 2)
(-4, 3)
(-3, 4)
(-2, 3)
(0, 3)
(-1, 1)
(1, 10)
(-3, 7)
(-2, 6)
(0, 7)
(3, 8)
(3, 9)
(3, 1)
(4, 2)
(4, 3)
(5, 4)
(4, 5)
(3, 4)
(2, 4)
(3, 5)
(4, 0)
(3, -1)
(2, -2)
(1, -2)
(0, -1)
(-3, -2)
(-4, -3)
(-5, -3)
(-6, -3)
(-7, -2)
(-7, -1)
(-7, 0)
(-8, 1)
(-8, -1)
(-6, -1)
(-5, -2)
(-4, -2)
(-4, 2)
(-5, 2)
(-5, 1)
(-6, 2)
(-6, 3)
(-7, 4)
(-7, 5)
(-7, 6)
(-8, 5)
(-8, 4)
(-6, 4)
(-5, 4)
(-7, 2)
(-8, 0)
(-9, -1)
(-10, 0)
(-10, -1)
(-11, -2)
(-12, -1)
(-12, 0)
(-11, 1)
(-10, 2)
(-9, 3)
(-9, 4)
(-5, 3)
(-8, 2)
(-7, 1)
(-6, 1)
(-6, 0)
(-6, -2)
(-10, 1)
(-9, 2)
(-4, 1)
(-5, 0)
(-4, -1)
(0, -2)
(0, -3)
(0, -4)
(-1, -5)
(-2, -5)
(-3, -6)
(-3, -7)
(-3, -8)
(-2, -9)
(-2, -10)
(-2, -11)
(-2, -12)
(-1, -9)
(0, -9)
(1, -9)
(2, -9)
(3, -10)
(3, -11)
(3, -12)
(4, -13)
(5, -13)
(6, -13)
(7, -13)
(8, -13)
(9, -12)
(9, -11)
(9, -10)
(8, -9)
(7, -9)
(6, -10)
(6, -11)
(6, -12)
(5, -11)
(4, -12)
(5, -14)
(6, -14)
(7, -14)
(8, -14)
(9, -14)
(10, -14)
(11, -14)
(12, -14)
(13, -15)
(13, -16)
(13, -17)
(14, -18)
(15, -18)
(16, -18)
(17, -18)
(17, -17)
(17, -16)
(18, -18)
(18, -19)
(18, -20)
(18, -21)
(17, -22)
(16, -22)
(19, -17)
(18, -17)
(16, -16)
(15, -16)
(14, -16)
(15, -17)
(14, -17)
(12, -18)
(13, -19)
(14, -19)
(12, -19)
(11, -19)
(10, -20)
(9, -21)
(8, -21)
(7, -22)
(6, -23)
(7, -23)
(8, -23)
(9, -24)
(10, -24)
(11, -24)
(8, -24)
(6, -22)
(5, -22)
(4, -22)
(3, -23)
(3, -24)
(2, -25)
(3, -25)
(4, -25)
(5, -26)
(5, -27)
(5, -28)
(5, -29)
(4, -30)
(3, -30)
(2, -30)
(1, -30)
(4, -29)
(4, -28)
(4, -27)
(4, -26)
(4, -24)
(3, -27)
(2, -27)
(1, -26)
(1, -25)
(0, -24)
(-1, -24)
(0, -25)
(2, -26)
(2, -28)
(3, -26)
(1, -28)
(0, -28)
(-1, -29)
(-2, -30)
(-3, -30)
(-4, -30)
(-5, -30)
(-6, -30)
(-7, -30)
(-5, -29)
(-5, -28)
(-5, -27)
(-8, -30)
(-7, -31)
(-7, -32)
(-7, -33)
(-8, -31)
(-9, -31)
(-10, -30)
(-10, -29)
(-10, -28)
(-11, -27)
(-12, -28)
(-12, -29)
(-11, -29)
(-9, -29)
(-8, -29)
(-10, -32)
(-11, -32)
(-12, -31)
(-11, -30)
(-9, -30)
(-9, -32)
(-7, -28)
(-8, -28)
(-9, -28)
(-11, -26)
(-12, -25)
(-13, -25)
(-11, -25)
(-10, -25)
(-9, -25)
(-8, -26)
(-9, -27)
(-8, -27)
(-10, -27)
(-7, -27)
(-6, -27)
(-5, -26)
(-5, -25)
(-5, -24)
(-5, -23)
(-5, -22)
(-4, -21)
(-3, -21)
(-2, -22)
(-2, -23)
(-2, -24)
(-2, -25)
(-2, -26)
(-1, -27)
(0, -27)
(1, -27)
(4, -23)
(5, -23)
(6, -21)
(7, -21)
(9, -22)
(9, -23)
(9, -25)
(9, -26)
(10, -23)
(11, -23)
(12, -23)
(13, -24)
(13, -25)
(13, -26)
(13, -27)
(13, -28)
(14, -29)
(15, -30)
(15, -31)
(15, -32)
(15, -29)
(15, -28)
(15, -27)
(15, -26)
(15, -25)
(15, -24)
(15, -23)
(15, -22)
(15, -21)
(16, -23)
(16, -24)
(16, -25)
(16, -26)
(16, -27)
(16, -28)
(17, -29)
(18, -30)
(18, -31)
(18, -32)
(18, -33)
(18, -34)
(19, -35)
(20, -35)
(20, -34)
(19, -34)
(17, -35)
(17, -36)
(17, -37)
(17, -38)
(17, -39)
(16, -40)
(15, -40)
(14, -39)
(14, -38)
(14, -37)
(14, -36)
(14, -35)
(15, -34)
(16, -34)
(17, -34)
(17, -33)
(17, -32)
(17, -31)
(19, -31)
(19, -32)
(19, -33)
(21, -34)
(22, -35)
(22, -36)
(22, -37)
(22, -38)
(21, -39)
(21, -40)
(20, -41)
(21, -41)
(22, -41)
(23, -41)
(24, -40)
(24, -39)
(24, -38)
(23, -38)
(21, -37)
(21, -36)
(21, -35)
(22, -34)
(23, -35)
(23, -36)
(23, -37)
(23, -39)
(25, -40)
(26, -40)
(27, -41)
(27, -42)
(27, -43)
(27, -44)
(28, -45)
(29, -45)
(30, -45)
(31, -45)
(32, -46)
(32, -47)
(33, -48)
(34, -48)
(35, -48)
(36, -48)
(37, -48)
(34, -47)
(33, -46)
(31, -46)
(29, -44)
(28, -44)
(26, -44)
(25, -45)
(26, -46)
(27, -46)
(28, -47)
(29, -48)
(30, -48)
(31, -48)
(32, -48)
(34, -46)
(34, -45)
(35, -44)
(36, -44)
(37, -44)
(38, -44)
(39, -43)
(40, -43)
(41, -43)
(42, -43)
(43, -43)
(44, -43)
(45, -44)
(45, -45)
(45, -46)
(44, -47)
(43, -48)
(42, -47)
(41, -47)
(40, -47)
(39, -47)
(39, -46)
(40, -45)
(41, -45)
(42, -44)
(42, -42)
(42, -41)
(41, -40)
(40, -40)
(39, -41)
(38, -41)
(37, -41)
(36, -40)
(35, -40)
(34, -40)
(33, -40)
(32, -40)
(31, -40)
(30, -40)
(29, -39)
(29, -38)
(29, -37)
(28, -36)
(27, -37)
(27, -36)
(27, -35)
(27, -34)
(27, -33)
(27, -32)
(28, -31)
(29, -31)
(30, -31)
(31, -31)
(32, -31)
(33, -31)
(34, -30)
(34, -29)
(34, -28)
(35, -27)
(36, -27)
(37, -27)
(38, -27)
(39, -28)
(39, -29)
(39, -30)
(38, -31)
(37, -31)
(36, -31)
(35, -31)
(34, -31)
(32, -30)
(32, -29)
(32, -28)
(32, -27)
(31, -26)
(30, -26)
(29, -26)
(28, -26)
(27, -27)
(27, -28)
(27, -29)
(26, -30)
(25, -30)
(27, -30)
(28, -32)
(29, -33)
(30, -33)
(31, -33)
(32, -33)
(30, -34)
(30, -35)
(29, -36)
(26, -35)
(26, -34)
(26, -33)
(26, -32)
(25, -31)
(24, -31)
(23, -31)
(22, -31)
(21, -31)
(20, -31)
(19, -30)
(19, -29)
(19, -28)
(18, -27)
(17, -27)
(14, -26)
(12, -25)
(12, -24)
(12, -22)
(12, -21)
(12, -20)
(13, -18)
(12, -17)
(11, -17)
(10, -17)
(9, -17)
(8, -17)
(7, -17)
(6, -16)
(6, -15)
(7, -12)
(8, -12)
(10, -13)
(10, -15)
(10, -16)
(8, -18)
(8, -19)
(8, -20)
(8, -22)
(13, -23)
(14, -23)
(17, -23)
(18, -23)
(19, -24)
(19, -25)
(19, -26)
(12, -26)
(12, -27)
(12, -28)
(13, -22)
(14, -22)
(16, -21)
(17, -20)
(19, -18)
(20, -18)
(21, -18)
(22, -18)
(23, -18)
(24, -18)
(25, -19)
(25, -20)
(25, -21)
(25, -22)
(25, -23)
(26, -24)
(27, -24)
(28, -24)
(29, -24)
(30, -24)
(31, -24)
(32, -25)
(32, -26)
(32, -24)
(32, -23)
(33, -22)
(34, -22)
(32, -22)
(31, -22)
(30, -22)
(29, -23)
(30, -25)
(29, -27)
(28, -27)
(26, -27)
(25, -27)
(24, -27)
(23, -28)
(23, -29)
(23, -30)
(16, -30)
(16, -29)
(18, -29)
(20, -29)
(21, -29)
(22, -28)
(22, -27)
(22, -26)
(22, -25)
(22, -24)
(22, -23)
(23, -22)
(24, -22)
(26, -22)
(27, -23)
(27, -25)
(27, -26)
(28, -28)
(29, -28)
(30, -28)
(31, -28)
(28, -29)
(26, -29)
(25, -29)
(24, -30)
(24, -32)
(24, -33)
(23, -34)
(18, -36)
(16, -36)
(15, -36)
(13, -36)
(14, -34)
(14, -33)
(14, -32)
(14, -31)
(14, -30)
(13, -29)
(12, -29)
(11, -29)
(10, -29)
(9, -29)
(8, -30)
(8, -31)
(8, -32)
(8, -33)
(8, -34)
(9, -34)
(10, -34)
(10, -33)
(10, -32)
(10, -31)
(10, -30)
(10, -28)
(11, -27)
(11, -26)
(10, -26)
(8, -26)
(7, -26)
(6, -27)
(6, -28)
(6, -29)
(6, -30)
(7, -28)
(8, -28)
(9, -28)
(11, -28)
(12, -30)
(11, -31)
(9, -31)
(7, -31)
(6, -31)
(5, -32)
(4, -32)
(3, -33)
(2, -33)
(1, -33)
(0, -33)
(-1, -33)
(-2, -33)
(-3, -33)
(-4, -32)
(-5, -31)
(-6, -31)
(-9, -33)
(-9, -34)
(-9, -35)
(-9, -36)
(-9, -37)
(-8, -38)
(-9, -38)
(-10, -38)
(-11, -38)
(-12, -38)
(-13, -38)
(-14, -38)
(-15, -37)
(-15, -36)
(-15, -35)
(-15, -34)
(-15, -33)
(-15, -32)
(-16, -31)
(-17, -31)
(-18, -31)
(-19, -30)
(-19, -29)
(-19, -28)
(-19, -27)
(-19, -26)
(-19, -25)
(-18, -27)
(-17, -27)
(-16, -27)
(-15, -27)
(-14, -27)
(-13, -27)
(-12, -27)
(-12, -24)
(-13, -24)
(-14, -24)
(-15, -24)
(-16, -24)
(-17, -24)
(-18, -24)
(-19, -31)
(-18, -32)
(-17, -32)
(-16, -32)
(-20, -31)
(-21, -31)
(-22, -31)
(-23, -31)
(-24, -30)
(-24, -29)
(-24, -28)
(-24, -27)
(-24, -26)
(-24, -25)
(-24, -24)
(-23, -24)
(-22, -24)
(-21, -23)
(-20, -22)
(-20, -21)
(-20, -20)
(-20, -19)
(-19, -18)
(-18, -18)
(-17, -18)
(-20, -17)
(-20, -16)
(-20, -15)
(-20, -14)
(-20, -13)
(-20, -12)
(-20, -11)
(-20, -10)
(-20, -9)
(-20, -8)
(-20, -7)
(-20, -6)
(-20, -5)
(-21, -4)
(-22, -4)
(-23, -4)
(-24, -5)
(-24, -6)
(-24, -7)
(-24, -8)
(-24, -9)
(-24, -10)
(-24, -4)
(-25, -3)
(-26, -3)
(-27, -3)
(-28, -3)
(-29, -4)
(-28, -5)
(-27, -5)
(-26, -5)
(-28, -4)
(-30, -4)
(-31, -4)
(-32, -4)
(-33, -4)
(-34, -4)
(-35, -4)
(-34, -3)
(-33, -3)
(-32, -3)
(-31, -3)
(-30, -5)
(-30, -6)
(-30, -7)
(-29, -8)
(-28, -8)
(-27, -8)
(-26, -8)
(-25, -8)
(-23, -9)
(-23, -8)
(-23, -7)
(-25, -6)
(-26, -6)
(-24, -11)
(-23, -12)
(-22, -12)
(-23, -13)
(-23, -14)
(-22, -13)
(-21, -13)
(-19, -13)
(-18, -14)
(-18, -15)
(-18, -16)
(-18, -17)
(-18, -19)
(-18, -20)
(-17, -21)
(-16, -21)
(-15, -21)
(-14, -21)
(-13, -21)
(-12, -21)
(-11, -20)
(-12, -19)
(-13, -19)
(-14, -19)
(-15, -19)
(-16, -19)
(-20, -18)
(-21, -19)
(-21, -20)
(-21, -21)
(-21, -22)
(-22, -20)
(-23, -20)
(-24, -19)
(-24, -18)
(-24, -17)
(-24, -16)
(-23, -15)
(-22, -15)
(-21, -15)
(-19, -16)
(-19, -17)
(-17, -19)
(-12, -18)
(-12, -17)
(-12, -16)
(-13, -15)
(-14, -15)
(-15, -15)
(-16, -15)
(-17, -15)
(-14, -14)
(-14, -13)
(-14, -12)
(-14, -11)
(-14, -16)
(-19, -14)
(-21, -14)
(-22, -14)
(-24, -14)
(-25, -14)
(-26, -14)
(-27, -15)
(-27, -16)
(-27, -17)
(-27, -18)
(-27, -19)
(-27, -20)
(-27, -21)
(-26, -22)
(-25, -22)
(-27, -22)
(-28, -22)
(-29, -22)
(-24, -21)
(-23, -21)
(-22, -21)
(-19, -21)
(-18, -21)
(-24, -20)
(-24, -15)
(-25, -15)
(-26, -15)
(-28, -14)
(-29, -13)
(-30, -13)
(-31, -13)
(-32, -14)
(-33, -13)
(-33, -12)
(-33, -11)
(-33, -10)
(-32, -12)
(-31, -12)
(-30, -12)
(-29, -12)
(-28, -12)
(-27, -13)
(-27, -14)
(-28, -18)
(-29, -18)
(-30, -18)
(-31, -18)
(-32, -18)
(-33, -18)
(-34, -19)
(-34, -20)
(-34, -21)
(-34, -22)
(-34, -23)
(-34, -24)
(-33, -25)
(-32, -25)
(-31, -25)
(-30, -25)
(-29, -25)
(-28, -24)
(-28, -23)
(-29, -21)
(-30, -21)
(-31, -21)
(-32, -21)
(-33, -21)
(-35, -20)
(-35, -19)
(-35, -18)
(-35, -17)
(-35, -16)
(-36, -15)
(-37, -15)
(-38, -15)
(-39, -15)
(-40, -15)
(-41, -15)
(-42, -16)
(-42, -17)
(-42, -18)
(-42, -19)
(-42, -20)
(-43, -21)
(-44, -21)
(-45, -21)
(-46, -21)
(-47, -20)
(-47, -21)
(-47, -22)
(-47, -23)
(-47, -24)
(-47, -25)
(-46, -26)
(-45, -26)
(-44, -26)
(-43, -26)
(-42, -26)
(-41, -26)
(-40, -26)
(-41, -27)
(-42, -27)
(-43, -27)
(-44, -27)
(-45, -27)
(-46, -27)
(-47, -27)
(-48, -27)
(-49, -27)
(-50, -27)
(-51, -27)
(-52, -28)
(-52, -29)
(-51, -30)
(-50, -30)
(-49, -30)
(-48, -30)
(-47, -30)
(-46, -30)
(-45, -30)
(-52, -27)
(-52, -26)
(-52, -25)
(-52, -24)
(-51, -23)
(-50, -23)
(-49, -22)
(-49, -21)
(-49, -20)
(-49, -19)
(-49, -18)
(-50, -17)
(-49, -17)
(-48, -17)
(-47, -17)
(-46, -17)
(-45, -17)
(-44, -17)
(-43, -17)
(-41, -17)
(-40, -17)
(-39, -17)
(-38, -17)
(-37, -17)
(-36, -18)
(-34, -18)
(-37, -18)
(-38, -18)
(-39, -19)
(-39, -20)
(-39, -21)
(-39, -22)
(-39, -23)
(-39, -24)
(-39, -25)
(-40, -19)
(-41, -19)
(-43, -19)
(-44, -19)
(-45, -19)
(-46, -19)
(-47, -19)
(-48, -19)
(-50, -19)
(-51, -19)
(-52, -19)
(-53, -19)
(-54, -19)
(-55, -20)
(-55, -21)
(-55, -22)
(-55, -23)
(-55, -24)
(-55, -25)
(-54, -26)
(-53, -26)
(-55, -26)
(-56, -26)
(-57, -26)
(-58, -26)
(-59, -26)
(-60, -25)
(-61, -25)
(-62, -26)
(-62, -27)
(-62, -28)
(-62, -29)
(-62, -30)
(-62, -31)
(-61, -32)
(-60, -32)
(-59, -32)
(-58, -32)
(-57, -32)
(-56, -32)
(-55, -33)
(-55, -34)
(-55, -35)
(-55, -36)
(-56, -37)
(-57, -37)
(-58, -37)
(-59, -38)
(-59, -39)
(-59, -40)
(-59, -41)
(-59, -42)
(-59, -43)
(-59, -37)
(-59, -36)
(-58, -35)
(-57, -35)
(-56, -35)
(-54, -35)
(-53, -35)
(-52, -35)
(-51, -35)
(-50, -36)
(-50, -37)
(-50, -38)
(-49, -39)
(-48, -39)
(-47, -39)
(-46, -39)
(-45, -39)
(-44, -40)
(-44, -41)
(-44, -42)
(-44, -43)
(-43, -44)
(-42, -44)
(-41, -44)
(-40, -44)
(-39, -44)
(-38, -44)
(-37, -43)
(-37, -42)
(-37, -41)
(-37, -40)
(-37, -39)
(-37, -38)
(-37, -37)
(-38, -36)
(-39, -36)
(-40, -36)
(-41, -36)
(-42, -36)
(-42, -35)
(-42, -34)
(-42, -33)
(-42, -37)
(-42, -38)
(-41, -39)
(-40, -39)
(-39, -39)
(-38, -39)
(-36, -39)
(-35, -39)
(-34, -40)
(-34, -41)
(-34, -42)
(-34, -43)
(-34, -44)
(-34, -45)
(-34, -46)
(-33, -47)
(-34, -47)
(-35, -47)
(-35, -46)
(-36, -46)
(-37, -46)
(-38, -46)
(-39, -46)
(-40, -45)
(-40, -43)
(-40, -42)
(-41, -41)
(-42, -41)
(-43, -41)
(-45, -41)
(-46, -41)
(-47, -41)
(-48, -41)
(-49, -40)
(-49, -38)
(-48, -37)
(-47, -37)
(-46, -37)
(-45, -37)
(-44, -37)
(-43, -37)
(-41, -37)
(-40, -38)
(-40, -40)
(-40, -41)
(-41, -42)
(-42, -42)
(-43, -42)
(-45, -43)
(-45, -44)
(-45, -45)
(-45, -46)
(-45, -47)
(-45, -48)
(-45, -49)
(-46, -48)
(-47, -48)
(-48, -48)
(-49, -47)
(-49, -46)
(-49, -45)
(-49, -44)
(-50, -47)
(-49, -43)
(-49, -42)
(-49, -41)
(-45, -40)
(-45, -38)
(-45, -36)
(-46, -35)
(-47, -35)
(-48, -35)
(-49, -35)
(-45, -35)
(-44, -35)
(-43, -36)
(-43, -38)
(-43, -39)
(-43, -40)
(-43, -43)
(-44, -44)
(-46, -43)
(-47, -42)
(-48, -42)
(-50, -42)
(-51, -42)
(-52, -42)
(-53, -42)
(-54, -41)
(-54, -40)
(-54, -39)
(-54, -38)
(-54, -37)
(-53, -38)
(-53, -37)
(-52, -36)
(-52, -34)
(-52, -33)
(-52, -32)
(-52, -31)
(-52, -37)
(-51, -31)
(-50, -31)
(-49, -31)
(-48, -31)
(-47, -32)
(-47, -33)
(-47, -34)
(-44, -34)
(-44, -33)
(-44, -36)
(-44, -38)
(-44, -39)
(-43, -35)
(-43, -34)
(-43, -33)
(-43, -32)
(-43, -31)
(-40, -37)
(-39, -42)
(-38, -42)
(-36, -42)
(-35, -42)
(-33, -42)
(-33, -45)
(-32, -45)
(-31, -46)
(-31, -47)
(-30, -47)
(-32, -47)
(-33, -46)
(-33, -44)
(-33, -43)
(-33, -41)
(-33, -40)
(-33, -39)
(-34, -38)
(-35, -38)
(-36, -38)
(-38, -38)
(-39, -38)
(-41, -38)
(-42, -39)
(-42, -40)
(-50, -41)
(-42, -43)
(-42, -45)
(-42, -46)
(-43, -47)
(-44, -47)
(-46, -47)
(-47, -47)
(-48, -47)
(-51, -48)
(-51, -49)
(-51, -50)
(-51, -51)
(-51, -52)
(-50, -51)
(-49, -51)
(-48, -51)
(-47, -51)
(-46, -51)
(-45, -51)
(-44, -50)
(-44, -49)
(-44, -48)
(-44, -46)
(-44, -45)
(-51, -47)
(-52, -48)
(-52, -49)
(-52, -50)
(-52, -51)
(-52, -52)
(-52, -53)
(-53, -54)
(-54, -54)
(-55, -54)
(-56, -54)
(-57, -54)
(-58, -54)
(-59, -54)
(-60, -53)
(-60, -52)
(-59, -51)
(-58, -51)
(-57, -51)
(-56, -50)
(-56, -49)
(-56, -48)
(-57, -47)
(-58, -47)
(-59, -47)
(-60, -47)
(-61, -47)
(-62, -47)
(-63, -46)
(-63, -45)
(-63, -44)
(-63, -43)
(-63, -42)
(-63, -41)
(-63, -40)
(-63, -39)
(-63, -38)
(-62, -37)
(-61, -37)
(-60, -37)
(-62, -36)
(-62, -35)
(-62, -34)
(-62, -33)
(-62, -32)
(-61, -27)
(-60, -27)
(-59, -27)
(-58, -27)
(-57, -27)
(-56, -27)
(-55, -27)
(-54, -27)
(-53, -28)
(-53, -29)
(-53, -30)
(-53, -31)
(-54, -31)
(-55, -31)
(-56, -31)
(-57, -31)
(-58, -31)
(-59, -31)
(-60, -31)
(-56, -33)
(-56, -34)
(-56, -36)
(-57, -38)
(-58, -38)
(-60, -38)
(-61, -38)
(-62, -38)
(-64, -38)
(-65, -38)
(-66, -39)
(-66, -40)
(-66, -41)
(-66, -42)
(-65, -39)
(-64, -39)
(-67, -39)
(-68, -39)
(-69, -39)
(-70, -40)
(-70, -41)
(-71, -42)
(-72, -42)
(-70, -43)
(-70, -44)
(-70, -45)
(-70, -46)
(-70, -47)
(-70, -48)
(-70, -49)
(-70, -50)
(-70, -51)
(-69, -52)
(-70, -52)
(-71, -52)
(-72, -52)
(-73, -52)
(-74, -53)
(-74, -54)
(-74, -55)
(-74, -56)
(-73, -57)
(-72, -57)
(-71, -57)
(-70, -57)
(-69, -57)
(-68, -57)
(-67, -57)
(-66, -57)
(-65, -57)
(-71, -58)
(-71, -59)
(-71, -60)
(-71, -61)
(-72, -62)
(-73, -62)
(-74, -63)
(-74, -64)
(-74, -65)
(-75, -66)
(-76, -66)
(-77, -67)
(-77, -68)
(-77, -69)
(-77, -70)
(-77, -71)
(-77, -72)
(-76, -73)
(-75, -73)
(-74, -73)
(-73, -73)
(-72, -73)
(-71, -73)
(-70, -73)
(-69, -73)
(-68, -73)
(-67, -72)
(-67, -71)
(-67, -70)
(-67, -69)
(-67, -68)
(-66, -67)
(-65, -66)
(-65, -65)
(-65, -64)
(-65, -63)
(-64, -62)
(-63, -62)
(-62, -62)
(-61, -62)
(-60, -62)
(-59, -62)
(-58, -61)
(-58, -60)
(-57, -59)
(-56, -58)
(-56, -57)
(-56, -56)
(-56, -55)
(-55, -53)
(-54, -53)
(-53, -53)
(-56, -53)
(-57, -53)
(-58, -53)
(-59, -53)
(-55, -55)
(-56, -52)
(-57, -52)
(-58, -52)
(-59, -52)
(-55, -52)
(-56, -51)
(-60, -50)
(-60, -49)
(-60, -48)
(-60, -46)
(-60, -45)
(-60, -51)
(-52, -54)
(-51, -54)
(-50, -53)
(-50, -52)
(-50, -50)
(-50, -49)
(-50, -48)
(-50, -46)
(-51, -45)
(-52, -45)
(-53, -45)
(-54, -45)
(-55, -45)
(-56, -45)
(-57, -45)
(-58, -45)
(-59, -45)
(-60, -54)
(-59, -55)
(-58, -55)
(-57, -55)
(-55, -51)
(-55, -50)
(-55, -49)
(-55, -48)
(-54, -47)
(-53, -47)
(-52, -47)
(-45, -42)
(-35, -40)
(-35, -41)
(-35, -43)
(-35, -44)
(-35, -45)
(-35, -37)
(-34, -36)
(-33, -36)
(-32, -36)
(-31, -36)
(-30, -36)
(-29, -36)
(-28, -36)
(-27, -36)
(-26, -37)
(-26, -38)
(-26, -39)
(-26, -40)
(-26, -41)
(-26, -42)
(-26, -43)
(-25, -44)
(-24, -44)
(-23, -44)
(-22, -45)
(-22, -46)
(-22, -47)
(-22, -48)
(-22, -49)
(-22, -50)
(-22, -51)
(-22, -52)
(-22, -53)
(-23, -54)
(-24, -54)
(-25, -54)
(-26, -53)
(-26, -52)
(-26, -51)
(-26, -50)
(-26, -49)
(-26, -48)
(-26, -47)
(-26, -46)
(-27, -47)
(-28, -48)
(-29, -49)
(-30, -49)
(-31, -49)
(-32, -49)
(-33, -49)
(-34, -49)
(-35, -49)
(-36, -49)
(-37, -49)
(-33, -50)
(-33, -51)
(-33, -52)
(-33, -53)
(-33, -54)
(-33, -55)
(-32, -56)
(-31, -56)
(-33, -56)
(-30, -56)
(-29, -56)
(-28, -56)
(-27, -56)
(-26, -55)
(-26, -54)
(-26, -56)
(-25, -56)
(-25, -57)
(-25, -58)
(-25, -59)
(-25, -60)
(-25, -61)
(-26, -62)
(-27, -62)
(-25, -62)
(-24, -62)
(-23, -62)
(-22, -62)
(-21, -62)
(-20, -62)
(-19, -61)
(-19, -60)
(-19, -59)
(-19, -58)
(-19, -57)
(-19, -56)
(-19, -55)
(-18, -54)
(-17, -54)
(-16, -54)
(-15, -54)
(-14, -54)
(-13, -54)
(-12, -54)
(-11, -54)
(-10, -54)
(-9, -54)
(-8, -55)
(-8, -56)
(-8, -57)
(-8, -58)
(-9, -59)
(-10, -59)
(-11, -59)
(-12, -59)
(-13, -58)
(-13, -57)
(-12, -56)
(-11, -56)
(-10, -56)
(-9, -56)
(-7, -55)
(-7, -54)
(-7, -53)
(-7, -52)
(-7, -51)
(-7, -50)
(-7, -49)
(-7, -48)
(-7, -47)
(-6, -46)
(-5, -46)
(-4, -46)
(-3, -46)
(-2, -46)
(-1, -46)
(0, -46)
(1, -45)
(2, -45)
(3, -45)
(4, -45)
(5, -45)
(6, -45)
(7, -45)
(8, -45)
(9, -45)
(10, -45)
(11, -45)
(12, -46)
(12, -47)
(12, -48)
(12, -49)
(12, -50)
(12, -51)
(12, -52)
(12, -45)
(12, -44)
(12, -43)
(13, -42)
(14, -42)
(15, -42)
(16, -42)
(17, -42)
(18, -42)
(19, -41)
(19, -40)
(19, -39)
(19, -38)
(19, -37)
(20, -36)
(24, -36)
(25, -36)
(26, -31)
(22, -30)
(21, -30)
(20, -30)
(19, -27)
(18, -24)
(17, -24)
(5, -24)
(5, -25)
(6, -26)
(8, -25)
(6, -17)
(5, -17)
(4, -17)
(3, -17)
(2, -17)
(1, -17)
(0, -17)
(-1, -17)
(-2, -17)
(-3, -16)
(-3, -15)
(-3, -14)
(-3, -13)
(-3, -12)
(-3, -11)
(-3, -10)
(-3, -9)
(-2, -7)
(-1, -7)
(0, -7)
(1, -7)
(2, -7)
(3, -6)
(3, -5)
(3, -4)
(3, -3)
(3, -2)
(3, 0)
(5, 3)
(6, 3)
(7, 3)
(8, 3)
(9, 3)
(10, 3)
(11, 3)
(12, 3)
(13, 2)
(13, 1)
(13, 0)
(13, -1)
(13, -2)
(13, -3)
(13, -4)
(13, -5)
(12, -6)
(11, -6)
(10, -6)
(9, -6)
(8, -6)
(7, -6)
(6, -6)
(5, -6)
(4, -6)
(12, -7)
(12, -8)
(12, -9)
(12, -10)
(12, -11)
(12, -12)
(12, -13)
(12, -15)
(12, -16)
(3, -16)
(3, -15)
(3, -14)
(3, -13)
(4, -10)
(5, -10)
(7, -10)
(8, -10)
(10, -10)
(2, -10)
(11, -10)
(4, -14)
(2, -13)
(1, -13)
(0, -13)
(-1, -13)
(-2, -14)
(-4, -14)
(-5, -14)
(-6, -14)
(-7, -14)
(-8, -14)
(-9, -14)
(-10, -14)
(-11, -13)
(-11, -12)
(-11, -11)
(-11, -10)
(-11, -9)
(-11, -8)
(-11, -7)
(-10, -9)
(-9, -9)
(-8, -9)
(-7, -9)
(-6, -9)
(-5, -10)
(-5, -11)
(-5, -12)
(-5, -13)
(-1, -14)
(0, -14)
(1, -14)
(2, -14)
(2, -15)
(1, -15)
(0, -15)
(-1, -15)
(-2, -15)
(-4, -15)
(-5, -15)
(-6, -15)
(-3, -17)
(-3, -18)
(-3, -19)
(-3, -20)
(-3, -22)
(-3, -23)
(-3, -24)
(-3, -25)
(-1, -26)
(0, -26)
(-3, -26)
(-4, -26)
(-4, -25)
(-4, -24)
(-4, -23)
(-4, -22)
(-5, -21)
(-6, -21)
(-7, -22)
(-7, -23)
(-7, -24)
(-6, -25)
(-1, -28)
(-1, -30)
(-1, -31)
(-1, -32)
(0, -34)
(1, -34)
(2, -34)
(-1, -34)
(-2, -34)
(-3, -34)
(-4, -33)
(-4, -34)
(-4, -35)
(-4, -36)
(-4, -31)
(-4, -29)
(-4, -28)
(-4, -27)
(-4, -20)
(-4, -19)
(-4, -18)
(-4, -17)
(-2, -16)
(-1, -16)
(0, -16)
(1, -16)
(2, -16)
(2, -12)
(2, -11)
(1, -10)
(0, -10)
(-1, -10)
(-4, -11)
(-6, -11)
(-7, -11)
(-8, -11)
(-9, -10)
(-9, -8)
(-9, -7)
(-9, -6)
(-9, -5)
(-9, -4)
(-9, -3)
(-9, -11)
(-8, -8)
(-7, -8)
(-6, -10)
(-6, -12)
(-6, -13)
(-6, -16)
(-6, -17)
(-6, -18)
(-5, -19)
(-2, -19)
(-1, -19)
(0, -19)
(1, -19)
(2, -20)
(2, -21)
(2, -22)
(2, -23)
(2, -24)
(7, -27)
(8, -27)
(9, -27)
(10, -27)
(13, -30)
(13, -31)
(13, -32)
(13, -33)
(13, -34)
(13, -35)
(13, -37)
(13, -38)
(12, -36)
(11, -36)
(10, -36)
(9, -36)
(8, -36)
(7, -36)
(6, -36)
(5, -36)
(4, -36)
(3, -36)
(2, -36)
(1, -35)
(1, -32)
(1, -31)
(1, -29)
(-6, -26)
(-7, -26)
(3, -28)
(3, -29)
(3, -31)
(3, -32)
(3, -34)
(3, -35)
(8, -37)
(8, -38)
(8, -39)
(8, -40)
(8, -41)
(8, -42)
(8, -43)
(8, -44)
(8, -46)
(8, -47)
(7, -42)
(6, -42)
(5, -42)
(4, -42)
(3, -42)
(2, -42)
(1, -42)
(0, -42)
(-1, -42)
(-2, -42)
(-3, -42)
(-1, -43)
(-1, -44)
(-1, -45)
(-1, -47)
(-1, -48)
(-1, -41)
(-1, -40)
(-1, -39)
(-2, -38)
(-3, -38)
(-4, -38)
(-5, -38)
(-6, -38)
(-7, -37)
(-7, -36)
(-7, -35)
(-7, -34)
(-6, -33)
(-5, -33)
(11, -37)
(11, -38)
(11, -39)
(11, -40)
(11, -41)
(11, -42)
(11, -43)
(11, -44)
(11, -46)
(11, -47)
(10, -48)
(9, -48)
(8, -48)
(11, -48)
(13, -48)
(14, -48)
(15, -48)
(16, -48)
(7, -47)
(6, -47)
(5, -47)
(4, -47)
(3, -47)
(2, -47)
(1, -47)
(9, -47)
(3, -46)
(3, -44)
(2, -43)
(1, -43)
(0, -43)
(-2, -43)
(-3, -43)
(-4, -43)
(-5, -43)
(2, -44)
(2, -46)
(2, -48)
(2, -49)
(2, -50)
(2, -51)
(2, -52)
(2, -53)
(1, -54)
(0, -53)
(-1, -52)
(-2, -52)
(-3, -52)
(-4, -52)
(-5, -52)
(-6, -51)
(-6, -50)
(-6, -49)
(-6, -48)
(-6, -47)
(-6, -45)
(-6, -44)
(3, -43)
(4, -43)
(5, -43)
(6, -43)
(7, -43)
(9, -43)
(10, -43)
(12, -42)
(12, -41)
(12, -40)
(13, -39)
(15, -39)
(16, -39)
(18, -39)
(20, -39)
(21, -42)
(21, -43)
(21, -44)
(21, -45)
(20, -44)
(20, -43)
(20, -42)
(20, -40)
(12, -39)
(10, -39)
(9, -39)
(7, -40)
(6, -40)
(5, -40)
(4, -40)
(3, -40)
(2, -40)
(1, -40)
(0, -40)
(-1, -38)
(-1, -37)
(-1, -36)
(-1, -35)
(-8, -33)
(0, -35)
(0, -36)
(0, -37)
(0, -38)
(0, -39)
(0, -41)
(-2, -35)
(-3, -35)
(-5, -35)
(-6, -35)
(-8, -35)
(-10, -35)
(-11, -36)
(-11, -37)
(-11, -39)
(-11, -40)
(-10, -41)
(-9, -41)
(-8, -41)
(-7, -42)
(-6, -43)
(4, -41)
(4, -39)
(4, -38)
(4, -37)
(4, -35)
(4, -34)
(5, -33)
(6, -33)
(7, -33)
(9, -33)
(11, -33)
(12, -34)
(12, -35)
(12, -37)
(12, -38)
(15, -35)
(11, -35)
(10, -35)
(9, -35)
(8, -35)
(7, -35)
(6, -35)
(7, -34)
(7, -32)
(7, -30)
(7, -29)
(7, -25)
(6, -24)
(1, -24)
(-1, -23)
(-1, -22)
(-1, -21)
(-1, -20)
(-1, -18)
(-5, -17)
(5, -18)
(5, -19)
(5, -20)
(5, -21)
(1, -23)
(0, -23)
(-2, -13)
(0, -18)
(0, -20)
(0, -21)
(0, -22)
(-2, -21)
(-2, -20)
(-2, -18)
(-5, -16)
(-5, -18)
(-7, -10)
(-8, -7)
(-8, -6)
(-8, -5)
(-8, -4)
(-8, -3)
(-8, -2)
(-9, 0)
(-11, 0)
(-13, 0)
(-14, 0)
(-7, 3)
(-7, 7)
(-7, 8)
(-7, 9)
(-6, 7)
(-5, 7)
(-8, 7)
(-9, 7)
(-10, 7)
(-11, 7)
(-12, 7)
(-13, 7)
(-14, 7)
(-15, 7)
(-16, 6)
(-16, 5)
(-16, 4)
(-16, 3)
(-16, 2)
(-16, 1)
(-16, 0)
(-16, -1)
(-16, -2)
(-16, -3)
(-16, -4)
(-17, -5)
(-18, -5)
(-19, -5)
(-21, -5)
(-22, -5)
(-23, -5)
(-23, -6)
(-22, -7)
(-21, -7)
(-19, -7)
(-18, -7)
(-17, -7)
(-16, -7)
(-15, -7)
(-18, -8)
(-18, -9)
(-18, -10)
(-18, -11)
(-19, -12)
(-18, -12)
(-17, -12)
(-16, -12)
(-15, -12)
(-13, -12)
(-12, -12)
(-10, -12)
(-9, -12)
(-8, -13)
(-4, -13)
(6, -9)
(6, -8)
(6, -7)
(6, -5)
(7, -4)
(8, -4)
(9, -4)
(10, -4)
(11, -3)
(11, -4)
(11, -5)
(11, -7)
(11, -8)
(11, -9)
(4, -11)
(4, -15)
(4, -16)
(4, -18)
(4, -19)
(6, -18)
(7, -18)
(9, -18)
(10, -18)
(11, -18)
(16, -19)
(16, -20)
(9, -30)
(9, -32)
(5, -35)
(2, -35)
(10, -37)
(10, -38)
(10, -40)
(10, -41)
(19, -42)
(21, -38)
(19, -43)
(19, -44)
(19, -45)
(19, -46)
(19, -47)
(19, -48)
(19, -49)
(19, -50)
(19, -51)
(19, -52)
(19, -53)
(19, -54)
(18, -52)
(17, -52)
(16, -52)
(15, -52)
(14, -52)
(13, -52)
(12, -53)
(12, -54)
(11, -55)
(10, -55)
(9, -55)
(8, -55)
(7, -55)
(6, -55)
(5, -55)
(4, -55)
(3, -55)
(7, -54)
(7, -53)
(7, -52)
(6, -51)
(5, -51)
(4, -51)
(3, -51)
(-2, -41)
(-2, -40)
(-2, -39)
(-2, -37)
(-2, -36)
(0, -32)
(-10, -33)
(-11, -33)
(-12, -33)
(-13, -33)
(-14, -34)
(-14, -35)
(-14, -36)
(-14, -37)
(-14, -39)
(-14, -40)
(-13, -41)
(-12, -41)
(-11, -41)
(-7, -41)
(-6, -41)
(-5, -41)
(-4, -41)
(-3, -41)
(-3, -40)
(-3, -39)
(-3, -37)
(-3, -36)
(-3, -32)
(-3, -31)
(-3, -29)
(-3, -28)
(-3, -27)
(-6, -24)
(-8, -23)
(-8, -22)
(-8, -21)
(-7, -20)
(-6, -20)
(-5, -20)
(1, -20)
(3, -20)
(-7, -21)
(-7, -19)
(-7, -18)
(-7, -17)
(-7, -16)
(-7, -15)
(-7, -13)
(-7, -12)
(-8, -12)
(-11, -14)
(-11, -15)
(-11, -16)
(-11, -17)
(-11, -18)
(-11, -19)
(-11, -21)
(-11, -22)
(-10, -23)
(-9, -23)
(-6, -28)
(-6, -29)
(4, -9)
(3, -8)
(2, -8)
(1, -8)
(0, -8)
(-1, -8)
(-2, -8)
(-4, -8)
(-5, -7)
(-5, -6)
(-4, -5)
(-3, -5)
(0, -5)
(1, -5)
(2, -5)
(4, -5)
(5, -4)
(5, -3)
(5, -2)
(5, -1)
(5, 0)
(5, 1)
(5, 2)
(5, 5)
(5, 6)
(5, 7)
(3, 13)
(3, 14)
(3, 15)
(3, 16)
(3, 17)
(3, 18)
(-3, 9)
(-4, 8)
(-4, 7)
(-4, 6)
(-4, 5)
(-4, 4)
(-2, 1)
(4, 1)
(6, 2)
(6, 4)
(6, 5)
(6, 6)
(6, 7)
(6, 8)
(6, 10)
(5, 11)
(1, 11)
(0, 11)
(-1, 11)
(-4, 11)
(-5, 11)
(-6, 11)
(-7, 12)
(-8, 14)
(-9, 14)
(-10, 14)
(-11, 14)
(-12, 14)
(-13, 14)
(-14, 14)
(-15, 14)
(-16, 13)
(-15, 12)
(-14, 12)
(-13, 12)
(-12, 12)
(-11, 12)
(-10, 12)
(-9, 12)
(-8, 12)
(-5, 12)
(-3, 13)
(-3, 12)
(-3, 10)
(-3, 6)
(-3, 5)
(-8, 11)
(-8, 10)
(-8, 9)
(-8, 8)
(-8, 6)
(-10, 3)
(-11, 3)
(-12, 3)
(-13, 3)
(-14, 3)
(-15, 3)
(-17, 3)
(-18, 3)
(-14, 2)
(-14, 1)
(-14, -1)
(-14, -2)
(-14, -3)
(-14, -4)
(-15, -5)
(-16, -5)
(-25, -7)
(-22, -8)
(-21, -8)
(-19, -8)
(-17, -8)
(-16, -8)
(-15, -8)
(-14, -8)
(-13, -8)
(-12, -9)
(-12, -10)
(-12, -11)
(-12, -13)
(-12, -14)
(-12, -15)
(-19, -19)
(-20, -23)
(-20, -24)
(-21, -25)
(-22, -25)
(-23, -23)
(-23, -22)
(-23, -19)
(-23, -18)
(-23, -17)
(-23, -16)
(-24, -12)
(-25, -12)
(-26, -12)
(-27, -12)
(-32, -11)
(-32, -10)
(-32, -9)
(-32, -8)
(-32, -7)
(-32, -6)
(-32, -5)
(-27, -4)
(-26, -4)
(-25, -4)
(-24, -3)
(-24, -2)
(-24, -1)
(-24, 0)
(-24, 1)
(-24, 2)
(-24, 3)
(-24, 4)
(-24, 5)
(-24, 6)
(-24, 7)
(-24, 8)
(-24, 9)
(-24, 10)
(-24, 11)
(-24, 12)
(-23, 11)
(-22, 11)
(-21, 11)
(-20, 11)
(-19, 11)
(-18, 11)
(-17, 11)
(-20, 10)
(-20, 9)
(-20, 8)
(-20, 7)
(-20, 6)
(-20, 12)
(-20, 13)
(-20, 14)
(-21, 15)
(-22, 15)
(-23, 15)
(-24, 15)
(-25, 15)
(-24, 14)
(-24, 13)
(-23, 7)
(-22, 7)
(-21, 7)
(-25, 7)
(-26, 8)
(-26, 9)
(-26, 10)
(-26, 7)
(-26, 6)
(-26, 5)
(-26, 4)
(-26, 3)
(-26, 2)
(-26, 1)
(-26, 0)
(-26, -1)
(-26, -2)
(-27, -6)
(-28, -6)
(-29, -6)
(-31, -6)
(-33, -6)
(-34, -6)
(-35, -6)
(-36, -6)
(-37, -6)
(-38, -6)
(-39, -6)
(-40, -6)
(-41, -6)
(-42, -6)
(-43, -6)
(-44, -6)
(-45, -6)
(-46, -6)
(-47, -7)
(-47, -8)
(-47, -9)
(-47, -10)
(-47, -11)
(-47, -12)
(-48, -13)
(-49, -13)
(-50, -12)
(-50, -11)
(-50, -10)
(-50, -9)
(-50, -8)
(-50, -7)
(-50, -6)
(-50, -5)
(-50, -4)
(-50, -3)
(-50, -2)
(-49, -1)
(-48, -1)
(-47, 0)
(-47, 1)
(-47, 2)
(-48, 3)
(-49, 3)
(-50, 3)
(-47, 3)
(-46, 3)
(-45, 3)
(-44, 3)
(-43, 3)
(-42, 3)
(-41, 3)
(-40, 3)
(-39, 2)
(-39, 1)
(-39, 0)
(-39, -1)
(-38, -2)
(-37, -2)
(-36, -2)
(-35, -2)
(-34, -2)
(-33, -2)
(-32, -2)
(-31, -2)
(-30, -2)
(-29, -3)
(-29, -5)
(-29, -7)
(-29, -9)
(-29, -10)
(-29, -11)
(-29, -14)
(-30, -14)
(-31, -14)
(-33, -15)
(-33, -16)
(-33, -17)
(-32, -19)
(-31, -19)
(-30, -19)
(-29, -19)
(-28, -19)
(-26, -19)
(-25, -19)
(-22, -19)
(-16, -18)
(-15, -18)
(-14, -18)
(-13, -18)
(-10, -11)
(-4, -12)
(-4, -10)
(-4, -9)
(-4, -7)
(-4, -6)
(-4, -4)
(1, -1)
(2, -1)
(4, -1)
(6, -1)
(7, -1)
(8, -1)
(9, -1)
(10, -2)
(10, -3)
(10, -5)
(10, -7)
(10, -8)
(10, -9)
(10, -11)
(10, -12)
(11, -12)
(11, -11)
(11, -13)
(11, -15)
(11, -16)
(9, -20)
(3, -19)
(6, -19)
(7, -19)
(9, -19)
(10, -19)
(15, -20)
(15, -19)
(14, -20)
(13, -20)
(11, -20)
(7, -20)
(6, -20)
(4, -21)
(-9, -22)
(-9, -24)
(-9, -26)
(-11, -35)
(-12, -35)
(-13, -35)
(-16, -35)
(-17, -35)
(-18, -35)
(-19, -35)
(-20, -36)
(-21, -36)
(-22, -36)
(-23, -36)
(-24, -36)
(-25, -36)
(-26, -36)
(-35, -36)
(-36, -36)
(-37, -36)
(-40, -35)
(-40, -34)
(-40, -33)
(-40, -32)
(-40, -31)
(-40, -30)
(-40, -29)
(-40, -28)
(-40, -27)
(-40, -25)
(-40, -24)
(-40, -23)
(-40, -22)
(-38, -21)
(-37, -22)
(-37, -23)
(-37, -24)
(-37, -25)
(-37, -26)
(-37, -27)
(-37, -28)
(-37, -29)
(-37, -30)
(-37, -31)
(-36, -32)
(-35, -32)
(-34, -32)
(-33, -32)
(-32, -32)
(-31, -32)
(-30, -33)
(-30, -34)
(-30, -35)
(-27, -35)
(-27, -34)
(-27, -33)
(-27, -32)
(-27, -31)
(-27, -30)
(-27, -29)
(-27, -28)
(-27, -27)
(-27, -26)
(-27, -25)
(-26, -24)
(-25, -24)
(-21, -24)
(-19, -24)
(-17, -25)
(-17, -26)
(-17, -28)
(-17, -29)
(-17, -30)
(-17, -23)
(-17, -22)
(-24, -22)
(-25, -21)
(-21, -26)
(-21, -27)
(-21, -28)
(-21, -29)
(-21, -30)
(-22, -32)
(-23, -32)
(-24, -32)
(-25, -32)
(-26, -31)
(-26, -30)
(-26, -29)
(-26, -28)
(-26, -27)
(-26, -26)
(-26, -25)
(-26, -23)
(-30, -22)
(-31, -22)
(-32, -22)
(-33, -22)
(-35, -22)
(-36, -22)
(-38, -23)
(-38, -24)
(-38, -25)
(-38, -26)
(-38, -27)
(-38, -28)
(-38, -29)
(-38, -30)
(-36, -31)
(-35, -31)
(-34, -31)
(-33, -31)
(-32, -31)
(-31, -31)
(-30, -31)
(-29, -31)
(-28, -31)
(-38, -31)
(-39, -31)
(-41, -32)
(-41, -33)
(-41, -34)
(-41, -35)
(-43, -45)
(-43, -46)
(-43, -48)
(-43, -49)
(-43, -50)
(-42, -50)
(-41, -50)
(-40, -50)
(-39, -50)
(-45, -50)
(-46, -50)
(-47, -50)
(-38, -50)
(-37, -50)
(-48, -50)
(-49, -49)
(-49, -48)
(-51, -43)
(-51, -44)
(-59, -44)
(-58, -42)
(-57, -42)
(-56, -42)
(-55, -42)
(-54, -42)
(-46, -42)
(-42, -48)
(-41, -48)
(-40, -48)
(-39, -47)
(-39, -45)
(-39, -43)
(-39, -41)
(-39, -40)
(-39, -37)
(-42, -32)
(-42, -31)
(-42, -30)
(-42, -29)
(-42, -28)
(-42, -25)
(-42, -24)
(-39, -27)
(-36, -27)
(-35, -27)
(-34, -27)
(-33, -26)
(-33, -24)
(-33, -23)
(-33, -20)
(-33, -27)
(-33, -28)
(-33, -29)
(-33, -30)
(-32, -33)
(-31, -33)
(-29, -33)
(-28, -33)
(-26, -33)
(-25, -33)
(-24, -33)
(-23, -33)
(-22, -33)
(-21, -33)
(-20, -33)
(-24, -34)
(-24, -35)
(-24, -31)
(-25, -27)
(-25, -28)
(-25, -29)
(-25, -30)
(-25, -31)
(-25, -34)
(-25, -35)
(-24, -23)
(-25, -16)
(-26, -16)
(-28, -16)
(-29, -16)
(-30, -16)
(-31, -16)
(-32, -16)
(-34, -16)
(-36, -16)
(-37, -16)
(-38, -19)
(-37, -20)
(-36, -20)
(-32, -20)
(-31, -20)
(-30, -20)
(-29, -20)
(-28, -20)
(-26, -20)
(-25, -20)
(-23, -25)
(-23, -26)
(-23, -27)
(-23, -28)
(-23, -29)
(-22, -16)
(-21, -16)
(-17, -16)
(-16, -16)
(-15, -16)
(-13, -16)
(-10, -15)
(-10, -13)
(-10, -10)
(-10, -8)
(-10, -7)
(-10, -6)
(-9, -13)
(-9, -15)
(-9, -16)
(-9, -17)
(-5, -9)
(1, -11)
(0, -11)
(-1, -11)
(-10, -5)
(-10, -4)
(-10, -3)
(-10, -2)
(-11, -6)
(-12, -6)
(-13, -6)
(-14, -6)
(-15, -6)
(-13, -14)
(-1, -12)
(-1, -6)
(-1, -4)
(-1, -3)
(4, -3)
(6, -3)
(7, -3)
(8, -3)
(9, -3)
(12, -4)
(12, -5)
(5, 8)
(7, 9)
(8, 9)
(9, 9)
(10, 9)
(11, 9)
(12, 9)
(13, 9)
(14, 9)
(15, 9)
(16, 9)
(17, 9)
(18, 9)
(5, 10)
(5, 13)
(5, 14)
(5, 15)
(5, 16)
(5, 17)
(5, 18)
(5, 19)
(5, 20)
(6, 15)
(7, 15)
(8, 15)
(9, 15)
(10, 15)
(11, 15)
(12, 15)
(13, 15)
(14, 15)
(4, 15)
(15, 15)
(16, 14)
(16, 13)
(16, 12)
(16, 11)
(16, 10)
(16, 8)
(16, 7)
(16, 6)
(16, 5)
(16, 15)
(16, 16)
(16, 17)
(16, 18)
(17, 19)
(18, 19)
(19, 19)
(20, 19)
(21, 19)
(22, 19)
(23, 19)
(16, 19)
(15, 19)
(14, 19)
(13, 19)
(12, 18)
(12, 17)
(12, 16)
(12, 14)
(13, 13)
(14, 13)
(15, 13)
(17, 13)
(18, 13)
(19, 13)
(20, 13)
(21, 13)
(22, 12)
(22, 11)
(22, 10)
(23, 9)
(24, 9)
(25, 9)
(22, 9)
(21, 9)
(20, 9)
(19, 9)
(15, 11)
(14, 11)
(13, 11)
(12, 11)
(11, 11)
(10, 11)
(9, 11)
(8, 10)
(8, 8)
(8, 7)
(8, 6)
(8, 5)
(8, 4)
(8, 2)
(8, 1)
(8, 0)
(8, -2)
(14, -4)
(15, -3)
(15, -2)
(15, -1)
(15, 0)
(15, 1)
(15, 2)
(15, 3)
(14, -5)
(14, -6)
(14, -7)
(14, -8)
(14, -9)
(14, -10)
(14, -11)
(14, -12)
(14, -13)
(14, -14)
(14, -15)
(16, -17)
(4, -8)
(4, -7)
(8, -29)
(5, -30)
(0, -30)
(-5, -32)
(-5, -34)
(-5, -36)
(-5, -37)
(-5, -39)
(-5, -40)
(-5, -42)
(-4, -44)
(-3, -44)
(-2, -44)
(0, -44)
(1, -44)
(4, -44)
(5, -44)
(6, -44)
(7, -46)
(7, -48)
(7, -49)
(7, -50)
(7, -51)
(7, -56)
(6, -57)
(5, -57)
(4, -57)
(3, -57)
(2, -57)
(1, -56)
(1, -55)
(1, -53)
(0, -52)
(-6, -52)
(-8, -52)
(-9, -52)
(-10, -52)
(-11, -52)
(-12, -51)
(-12, -50)
(-12, -49)
(-12, -48)
(-12, -47)
(-12, -46)
(-12, -45)
(-12, -44)
(-12, -43)
(-12, -42)
(-12, -40)
(-12, -39)
(-12, -37)
(-13, -36)
(-15, -38)
(-15, -39)
(-15, -40)
(-15, -41)
(-15, -42)
(-15, -43)
(-15, -44)
(-15, -45)
(-15, -46)
(-15, -47)
(-16, -48)
(-17, -48)
(-18, -48)
(-19, -48)
(-20, -48)
(-21, -48)
(-23, -48)
(-24, -48)
(-25, -48)
(-27, -48)
(-28, -47)
(-28, -46)
(-28, -45)
(-28, -44)
(-28, -43)
(-28, -42)
(-28, -41)
(-28, -40)
(-28, -39)
(-28, -38)
(-29, -37)
(-30, -37)
(-31, -37)
(-32, -37)
(-33, -35)
(-33, -34)
(-33, -33)
(-46, -36)
(-47, -36)
(-47, -38)
(-46, -38)
(-33, -38)
(-32, -38)
(-31, -38)
(-30, -38)
(-29, -39)
(-29, -40)
(-29, -41)
(-30, -42)
(-31, -42)
(-32, -42)
(-38, -47)
(-37, -47)
(-36, -47)
(-33, -48)
(-32, -50)
(-31, -50)
(-30, -50)
(-29, -48)
(-29, -47)
(-29, -46)
(-29, -45)
(-29, -50)
(-29, -51)
(-29, -52)
(-29, -53)
(-28, -54)
(-27, -54)
(-29, -54)
(-30, -54)
(-31, -54)
(-32, -54)
(-34, -54)
(-35, -54)
(-36, -54)
(-37, -55)
(-37, -56)
(-37, -57)
(-37, -58)
(-37, -59)
(-37, -60)
(-37, -61)
(-37, -62)
(-37, -63)
(-36, -64)
(-35, -65)
(-35, -66)
(-35, -67)
(-35, -68)
(-35, -64)
(-35, -63)
(-35, -62)
(-35, -61)
(-35, -60)
(-35, -59)
(-35, -58)
(-35, -57)
(-35, -56)
(-35, -55)
(-23, -53)
(-23, -52)
(-23, -51)
(-23, -50)
(-23, -49)
(-23, -55)
(-23, -56)
(-23, -57)
(-23, -58)
(-23, -59)
(-23, -60)
(-23, -61)
(-22, -63)
(-21, -63)
(-20, -63)
(-19, -63)
(-20, -64)
(-21, -64)
(-22, -64)
(-23, -64)
(-24, -64)
(-25, -64)
(-26, -64)
(-27, -63)
(-27, -61)
(-27, -60)
(-27, -59)
(-27, -58)
(-27, -57)
(-27, -55)
(-27, -53)
(-27, -52)
(-27, -51)
(-27, -50)
(-27, -49)
(-24, -49)
(-24, -50)
(-24, -51)
(-24, -52)
(-24, -53)
(-22, -54)
(-21, -54)
(-20, -54)
(-19, -54)
(-13, -55)
(-13, -56)
(-13, -59)
(-13, -60)
(-13, -61)
(-13, -62)
(-13, -63)
(-13, -64)
(-13, -65)
(-14, -65)
(-15, -65)
(-16, -65)
(-17, -65)
(-18, -65)
(-19, -65)
(-20, -65)
(-21, -65)
(-22, -65)
(-16, -66)
(-16, -67)
(-16, -68)
(-16, -69)
(-16, -70)
(-16, -71)
(-16, -64)
(-16, -63)
(-17, -62)
(-18, -62)
(-19, -62)
(-24, -61)
(-24, -60)
(-24, -59)
(-24, -58)
(-24, -57)
(-24, -56)
(-24, -55)
(-25, -47)
(-31, -45)
(-31, -44)
(-31, -43)
(-31, -41)
(-31, -40)
(-31, -39)
(-30, -45)
(-36, -45)
(-27, -45)
(-26, -45)
(-25, -46)
(-25, -49)
(-25, -50)
(-25, -51)
(-25, -52)
(-25, -53)
(-25, -55)
(-22, -61)
(-21, -61)
(-20, -61)
(-18, -61)
(-17, -61)
(-16, -61)
(-15, -61)
(-14, -61)
(-26, -61)
(-26, -60)
(-26, -59)
(-26, -58)
(-26, -57)
(-24, -47)
(-23, -47)
(-21, -47)
(-25, -45)
(-25, -43)
(-25, -42)
(-25, -41)
(-26, -44)
(-27, -44)
(-29, -44)
(-30, -44)
(-22, -44)
(-32, -44)
(-33, -37)
(-34, -30)
(-34, -29)
(-34, -28)
(-34, -26)
(-34, -25)
(-34, -17)
(-34, -15)
(-32, -28)
(-31, -28)
(-30, -28)
(-29, -28)
(-28, -28)
(-21, -32)
(-20, -32)
(-19, -33)
(-18, -34)
(-17, -34)
(-16, -34)
(-13, -34)
(-12, -34)
(-11, -34)
(-10, -34)
(-8, -34)
(-19, -36)
(-19, -37)
(-19, -38)
(-19, -39)
(-20, -40)
(-21, -40)
(-22, -40)
(-23, -40)
(-24, -40)
(-25, -40)
(-27, -40)
(-30, -40)
(-32, -40)
(-36, -40)
(-38, -41)
(-38, -40)
(-38, -37)
(-38, -35)
(-38, -34)
(-38, -33)
(-38, -32)
(-37, -32)
(-37, -33)
(-37, -34)
(-37, -35)
(-44, -28)
(-44, -29)
(-44, -30)
(-44, -31)
(-44, -32)
(-45, -31)
(-45, -29)
(-45, -28)
(-52, -30)
(-54, -30)
(-55, -30)
(-56, -30)
(-57, -30)
(-58, -29)
(-58, -28)
(-58, -25)
(-58, -24)
(-58, -23)
(-59, -22)
(-60, -22)
(-61, -22)
(-62, -22)
(-63, -22)
(-64, -22)
(-65, -22)
(-66, -22)
(-67, -22)
(-68, -22)
(-69, -23)
(-69, -24)
(-69, -25)
(-69, -26)
(-69, -27)
(-69, -28)
(-69, -29)
(-69, -30)
(-69, -31)
(-69, -32)
(-69, -33)
(-69, -34)
(-69, -35)
(-69, -36)
(-69, -37)
(-69, -38)
(-70, -27)
(-71, -27)
(-72, -27)
(-73, -27)
(-74, -27)
(-75, -27)
(-76, -27)
(-77, -27)
(-78, -27)
(-79, -27)
(-80, -27)
(-81, -27)
(-82, -27)
(-83, -27)
(-84, -27)
(-85, -28)
(-85, -29)
(-85, -30)
(-85, -31)
(-85, -27)
(-85, -26)
(-85, -25)
(-85, -24)
(-85, -23)
(-85, -22)
(-85, -21)
(-85, -20)
(-85, -19)
(-85, -18)
(-85, -17)
(-85, -16)
(-85, -15)
(-85, -14)
(-85, -13)
(-85, -12)
(-85, -11)
(-84, -10)
(-83, -10)
(-82, -9)
(-82, -8)
(-82, -7)
(-82, -6)
(-82, -5)
(-83, -4)
(-84, -4)
(-85, -4)
(-86, -4)
(-87, -4)
(-88, -4)
(-89, -4)
(-90, -4)
(-91, -4)
(-92, -4)
(-93, -4)
(-94, -4)
(-95, -4)
(-96, -4)
(-97, -4)
(-98, -4)
(-99, -4)
(-100, -4)
(-101, -4)
(-102, -4)
(-103, -4)
(-104, -4)
(-105, -3)
(-105, -2)
(-105, -1)
(-105, 0)
(-105, 1)
(-105, 2)
(-105, 3)
(-105, 4)
(-105, 5)
(-105, 6)
(-106, 7)
(-107, 7)
(-108, 7)
(-109, 7)
(-110, 7)
(-111, 7)
(-112, 7)
(-113, 8)
(-113, 9)
(-113, 10)
(-113, 11)
(-113, 12)
(-113, 13)
(-113, 14)
(-113, 15)
(-113, 16)
(-114, 17)
(-115, 17)
(-116, 17)
(-117, 17)
(-118, 17)
(-119, 17)
(-120, 17)
(-121, 17)
(-122, 17)
(-123, 17)
(-124, 17)
(-125, 17)
(-126, 17)
(-127, 16)
(-127, 15)
(-127, 14)
(-126, 13)
(-125, 13)
(-127, 13)
(-128, 13)
(-129, 13)
(-130, 13)
(-131, 13)
(-132, 13)
(-133, 13)
(-134, 13)
(-135, 13)
(-136, 13)
(-137, 13)
(-138, 12)
(-138, 11)
(-138, 10)
(-138, 9)
(-138, 8)
(-138, 7)
(-138, 6)
(-138, 5)
(-138, 4)
(-138, 3)
(-138, 2)
(-138, 1)
(-139, 0)
(-140, 0)
(-141, 0)
(-142, 0)
(-143, 0)
(-144, 0)
(-145, 0)
(-146, 0)
(-147, 0)
(-148, 0)
(-149, 0)
(-150, 0)
(-151, 0)
(-152, 0)
(-153, 0)
(-154, 0)
(-143, 1)
(-143, 2)
(-143, 3)
(-143, 4)
(-143, 5)
(-143, 6)
(-143, 7)
(-143, 8)
(-142, 4)
(-141, 4)
(-140, 4)
(-139, 4)
(-137, 4)
(-136, 4)
(-135, 4)
(-134, 4)
(-144, 4)
(-145, 4)
(-146, 4)
(-147, 4)
(-148, 4)
(-149, 5)
(-149, 6)
(-149, 7)
(-149, 8)
(-149, 9)
(-149, 10)
(-149, 11)
(-149, 12)
(-148, 13)
(-147, 13)
(-146, 13)
(-145, 13)
(-144, 13)
(-143, 13)
(-142, 13)
(-141, 13)
(-140, 13)
(-139, 13)
(-138, 13)
(-132, 12)
(-132, 11)
(-132, 10)
(-132, 9)
(-132, 8)
(-132, 7)
(-132, 6)
(-132, 5)
(-132, 4)
(-132, 3)
(-132, 2)
(-132, 1)
(-132, 0)
(-133, 8)
(-134, 8)
(-135, 8)
(-136, 8)
(-137, 8)
(-139, 8)
(-140, 8)
(-141, 8)
(-142, 8)
(-144, 8)
(-137, 9)
(-137, 10)
(-137, 11)
(-137, 12)
(-137, 14)
(-137, 15)
(-137, 16)
(-137, 17)
(-137, 18)
(-137, 19)
(-137, 20)
(-137, 21)
(-138, 22)
(-139, 22)
(-140, 22)
(-137, 22)
(-136, 22)
(-135, 22)
(-134, 22)
(-133, 22)
(-132, 22)
(-131, 23)
(-132, 24)
(-133, 24)
(-134, 24)
(-135, 24)
(-136, 24)
(-137, 24)
(-138, 24)
(-139, 24)
(-140, 23)
(-140, 21)
(-140, 20)
(-140, 19)
(-140, 18)
(-140, 17)
(-140, 16)
(-140, 15)
(-140, 14)
(-140, 12)
(-140, 11)
(-140, 10)
(-140, 9)
(-141, 7)
(-142, 7)
(-144, 7)
(-145, 7)
(-146, 7)
(-147, 7)
(-148, 7)
(-150, 7)
(-151, 7)
(-152, 7)
(-153, 7)
(-154, 7)
(-155, 7)
(-156, 7)
(-157, 8)
(-157, 9)
(-157, 10)
(-157, 11)
(-157, 12)
(-157, 13)
(-157, 14)
(-157, 15)
(-158, 7)
(-159, 7)
(-160, 7)
(-161, 8)
(-161, 9)
(-161, 10)
(-161, 11)
(-161, 12)
(-161, 13)
(-161, 14)
(-161, 15)
(-161, 16)
(-161, 17)
(-161, 18)
(-161, 19)
(-161, 20)
(-161, 21)
(-162, 22)
(-163, 23)
(-163, 24)
(-163, 25)
(-163, 26)
(-163, 27)
(-163, 28)
(-163, 29)
(-163, 30)
(-163, 31)
(-163, 32)
(-163, 33)
(-163, 34)
(-163, 35)
(-163, 36)
(-163, 37)
(-163, 38)
(-164, 39)
(-165, 39)
(-166, 39)
(-165, 40)
(-165, 41)
(-165, 42)
(-165, 43)
(-164, 44)
(-163, 44)
(-162, 44)
(-161, 44)
(-165, 44)
(-166, 44)
(-167, 44)
(-168, 44)
(-169, 44)
(-170, 44)
(-171, 44)
(-172, 44)
(-173, 44)
(-174, 44)
(-175, 44)
(-176, 44)
(-173, 45)
(-173, 46)
(-173, 47)
(-173, 48)
(-173, 49)
(-173, 50)
(-173, 51)
(-173, 52)
(-173, 53)
(-173, 54)
(-173, 55)
(-172, 56)
(-171, 56)
(-170, 56)
(-169, 56)
(-168, 56)
(-167, 56)
(-166, 56)
(-165, 56)
(-164, 56)
(-163, 56)
(-173, 56)
(-174, 56)
(-175, 56)
(-176, 56)
(-177, 56)
(-178, 56)
(-179, 57)
(-179, 58)
(-179, 59)
(-179, 60)
(-179, 61)
(-179, 62)
(-179, 63)
(-179, 64)
(-179, 65)
(-179, 66)
(-179, 56)
(-179, 55)
(-179, 54)
(-179, 53)
(-178, 62)
(-177, 62)
(-176, 62)
(-175, 62)
(-174, 62)
(-173, 62)
(-172, 61)
(-172, 60)
(-172, 59)
(-172, 58)
(-172, 57)
(-172, 55)
(-172, 54)
(-174, 53)
(-175, 53)
(-176, 53)
(-177, 53)
(-178, 53)
(-180, 53)
(-181, 53)
(-182, 53)
(-183, 53)
(-184, 53)
(-185, 53)
(-186, 53)
(-187, 52)
(-187, 51)
(-187, 50)
(-187, 49)
(-188, 48)
(-189, 48)
(-190, 48)
(-191, 48)
(-192, 48)
(-193, 48)
(-194, 48)
(-195, 48)
(-196, 48)
(-197, 48)
(-198, 48)
(-199, 48)
(-193, 47)
(-193, 46)
(-193, 45)
(-193, 44)
(-193, 43)
(-193, 42)
(-193, 41)
(-193, 40)
(-193, 39)
(-193, 38)
(-193, 37)
(-194, 36)
(-195, 36)
(-196, 36)
(-197, 36)
(-198, 36)
(-199, 37)
(-199, 38)
(-199, 39)
(-199, 40)
(-199, 41)
(-199, 42)
(-199, 43)
(-199, 44)
(-199, 45)
(-199, 46)
(-199, 47)
(-199, 49)
(-198, 50)
(-197, 50)
(-196, 50)
(-195, 50)
(-194, 50)
(-193, 50)
(-192, 50)
(-191, 50)
(-190, 50)
(-189, 50)
(-188, 49)
(-187, 48)
(-186, 48)
(-185, 48)
(-184, 48)
(-183, 48)
(-182, 48)
(-181, 48)
(-180, 48)
(-179, 48)
(-192, 47)
(-191, 47)
(-190, 47)
(-189, 47)
(-188, 47)
(-187, 47)
(-186, 47)
(-185, 47)
(-184, 47)
(-183, 47)
(-182, 47)
(-181, 47)
(-192, 46)
(-192, 45)
(-192, 44)
(-192, 43)
(-192, 42)
(-192, 41)
(-192, 40)
(-192, 39)
(-192, 38)
(-192, 37)
(-192, 36)
(-193, 35)
(-194, 35)
(-195, 35)
(-196, 35)
(-197, 35)
(-198, 35)
(-199, 35)
(-200, 35)
(-201, 35)
(-202, 35)
(-203, 35)
(-204, 35)
(-205, 35)
(-206, 35)
(-207, 35)
(-208, 34)
(-208, 33)
(-208, 32)
(-208, 31)
(-208, 30)
(-208, 29)
(-208, 28)
(-208, 27)
(-208, 26)
(-208, 25)
(-208, 24)
(-208, 23)
(-208, 22)
(-209, 21)
(-210, 21)
(-211, 21)
(-208, 21)
(-207, 21)
(-206, 21)
(-205, 21)
(-204, 21)
(-203, 21)
(-202, 21)
(-201, 21)
(-200, 21)
(-199, 21)
(-198, 22)
(-198, 23)
(-198, 24)
(-198, 25)
(-198, 26)
(-198, 27)
(-198, 28)
(-198, 29)
(-198, 30)
(-198, 31)
(-198, 32)
(-198, 33)
(-198, 34)
(-199, 36)
(-200, 36)
(-201, 36)
(-202, 36)
(-203, 36)
(-204, 36)
(-205, 36)
(-206, 36)
(-207, 36)
(-208, 36)
(-209, 36)
(-210, 36)
(-211, 36)
(-212, 36)
(-213, 36)
(-214, 36)
(-215, 37)
(-215, 38)
(-215, 39)
(-215, 40)
(-215, 41)
(-215, 42)
(-215, 43)
(-215, 44)
(-215, 36)
(-215, 35)
(-215, 34)
(-215, 33)
(-214, 32)
(-213, 32)
(-212, 32)
(-211, 32)
(-210, 32)
(-209, 31)
(-207, 30)
(-206, 30)
(-209, 30)
(-210, 30)
(-211, 30)
(-212, 30)
(-213, 31)
(-213, 33)
(-213, 34)
(-213, 35)
(-213, 37)
(-213, 38)
(-213, 39)
(-213, 40)
(-213, 41)
(-213, 42)
(-213, 43)
(-213, 44)
(-213, 45)
(-212, 46)
(-211, 46)
(-210, 46)
(-209, 46)
(-208, 46)
(-207, 46)
(-206, 46)
(-205, 46)
(-204, 46)
(-209, 47)
(-209, 48)
(-209, 49)
(-209, 50)
(-209, 51)
(-209, 52)
(-210, 49)
(-211, 49)
(-212, 49)
(-213, 49)
(-214, 49)
(-215, 49)
(-216, 49)
(-217, 49)
(-218, 49)
(-219, 49)
(-220, 49)
(-221, 49)
(-222, 49)
(-223, 49)
(-224, 48)
(-224, 49)
(-224, 50)
(-224, 51)
(-224, 52)
(-224, 53)
(-224, 54)
(-224, 55)
(-224, 56)
(-224, 57)
(-224, 58)
(-224, 59)
(-224, 60)
(-225, 61)
(-226, 61)
(-227, 61)
(-228, 61)
(-224, 61)
(-223, 61)
(-222, 61)
(-223, 60)
(-223, 59)
(-223, 58)
(-223, 57)
(-223, 56)
(-223, 55)
(-223, 54)
(-223, 53)
(-223, 52)
(-223, 51)
(-223, 50)
(-223, 48)
(-222, 54)
(-221, 54)
(-220, 54)
(-219, 54)
(-218, 55)
(-218, 56)
(-218, 57)
(-218, 58)
(-218, 59)
(-218, 60)
(-218, 61)
(-218, 62)
(-218, 63)
(-218, 64)
(-218, 65)
(-218, 66)
(-219, 67)
(-220, 67)
(-221, 67)
(-222, 67)
(-223, 67)
(-224, 67)
(-225, 67)
(-226, 67)
(-227, 66)
(-227, 67)
(-227, 68)
(-227, 69)
(-227, 70)
(-227, 71)
(-227, 72)
(-227, 73)
(-227, 74)
(-227, 75)
(-227, 76)
(-227, 77)
(-227, 78)
(-227, 79)
(-227, 80)
(-227, 81)
(-227, 82)
(-226, 83)
(-225, 83)
(-224, 83)
(-223, 83)
(-222, 83)
(-221, 83)
(-220, 83)
(-219, 83)
(-218, 84)
(-218, 85)
(-218, 86)
(-218, 87)
(-218, 88)
(-218, 89)
(-218, 90)
(-218, 91)
(-218, 92)
(-218, 93)
(-218, 94)
(-218, 95)
(-217, 96)
(-216, 96)
(-215, 96)
(-214, 96)
(-213, 96)
(-212, 96)
(-211, 96)
(-210, 96)
(-214, 95)
(-214, 94)
(-214, 93)
(-214, 92)
(-214, 91)
(-214, 90)
(-214, 89)
(-214, 88)
(-214, 87)
(-214, 97)
(-214, 98)
(-214, 99)
(-214, 100)
(-214, 101)
(-214, 102)
(-214, 103)
(-215, 90)
(-216, 90)
(-217, 90)
(-219, 90)
(-220, 90)
(-221, 90)
(-222, 90)
(-223, 90)
(-224, 90)
(-225, 90)
(-226, 90)
(-227, 90)
(-228, 89)
(-228, 88)
(-228, 87)
(-228, 86)
(-228, 85)
(-228, 84)
(-228, 83)
(-228, 82)
(-228, 81)
(-228, 80)
(-226, 79)
(-225, 79)
(-224, 79)
(-223, 79)
(-222, 79)
(-221, 79)
(-220, 79)
(-219, 79)
(-218, 79)
(-217, 79)
(-216, 79)
(-215, 79)
(-214, 79)
(-213, 79)
(-212, 79)
(-226, 78)
(-226, 77)
(-227, 83)
(-227, 84)
(-227, 85)
(-229, 86)
(-230, 86)
(-231, 86)
(-232, 86)
(-233, 86)
(-234, 86)
(-235, 86)
(-236, 86)
(-237, 86)
(-238, 86)
(-239, 86)
(-240, 86)
(-241, 85)
(-241, 84)
(-241, 83)
(-241, 82)
(-241, 81)
(-241, 80)
(-241, 79)
(-241, 78)
(-241, 77)
(-241, 76)
(-241, 75)
(-241, 74)
(-241, 73)
(-241, 72)
(-242, 71)
(-243, 71)
(-244, 71)
(-245, 71)
(-246, 71)
(-247, 71)
(-248, 71)
(-249, 71)
(-250, 71)
(-251, 71)
(-252, 71)
(-253, 71)
(-242, 70)
(-242, 69)
(-242, 68)
(-243, 67)
(-243, 66)
(-242, 65)
(-241, 65)
(-240, 65)
(-239, 65)
(-238, 65)
(-237, 65)
(-236, 65)
(-235, 65)
(-234, 65)
(-233, 65)
(-232, 65)
(-231, 65)
(-230, 65)
(-229, 65)
(-228, 65)
(-227, 64)
(-227, 63)
(-227, 62)
(-227, 60)
(-227, 59)
(-227, 58)
(-227, 57)
(-227, 56)
(-227, 65)
(-228, 66)
(-229, 66)
(-230, 66)
(-231, 66)
(-232, 66)
(-233, 66)
(-234, 66)
(-235, 66)
(-236, 66)
(-237, 66)
(-238, 66)
(-235, 67)
(-234, 67)
(-233, 67)
(-232, 67)
(-231, 67)
(-230, 67)
(-229, 67)
(-228, 67)
(-239, 66)
(-240, 66)
(-241, 66)
(-242, 66)
(-232, 68)
(-232, 69)
(-232, 70)
(-232, 71)
(-232, 72)
(-232, 73)
(-233, 74)
(-234, 74)
(-235, 74)
(-236, 74)
(-237, 74)
(-238, 74)
(-239, 74)
(-240, 73)
(-240, 72)
(-240, 71)
(-240, 70)
(-240, 69)
(-240, 68)
(-240, 67)
(-239, 64)
(-238, 64)
(-237, 64)
(-236, 64)
(-235, 68)
(-235, 69)
(-236, 70)
(-237, 70)
(-238, 70)
(-239, 70)
(-241, 70)
(-238, 71)
(-238, 72)
(-238, 73)
(-238, 75)
(-238, 76)
(-238, 77)
(-238, 78)
(-239, 79)
(-240, 79)
(-242, 79)
(-243, 79)
(-244, 78)
(-244, 77)
(-244, 76)
(-244, 75)
(-244, 74)
(-244, 73)
(-244, 72)
(-244, 70)
(-245, 69)
(-246, 69)
(-247, 69)
(-248, 69)
(-249, 69)
(-250, 69)
(-251, 69)
(-252, 69)
(-253, 69)
(-254, 69)
(-255, 69)
(-256, 69)
(-257, 69)
(-258, 70)
(-258, 71)
(-258, 72)
(-258, 73)
(-258, 74)
(-258, 75)
(-258, 76)
(-258, 77)
(-258, 78)
(-258, 79)
(-259, 79)
(-260, 79)
(-261, 79)
(-262, 79)
(-263, 79)
(-264, 79)
(-262, 80)
(-262, 81)
(-262, 82)
(-262, 83)
(-262, 84)
(-262, 85)
(-262, 86)
(-262, 87)
(-262, 88)
(-262, 89)
(-262, 90)
(-262, 91)
(-262, 92)
(-262, 93)
(-262, 94)
(-263, 95)
(-264, 95)
(-265, 95)
(-266, 95)
(-267, 95)
(-268, 95)
(-269, 95)
(-270, 95)
(-271, 95)
(-272, 95)
(-273, 94)
(-273, 93)
(-273, 92)
(-273, 91)
(-273, 90)
(-273, 89)
(-273, 88)
(-273, 87)
(-273, 86)
(-273, 85)
(-273, 84)
(-273, 83)
(-274, 82)
(-275, 82)
(-276, 82)
(-277, 82)
(-278, 82)
(-279, 82)
(-280, 82)
(-281, 82)
(-282, 82)
(-283, 82)
(-284, 82)
(-285, 82)
(-286, 82)
(-287, 83)
(-287, 84)
(-287, 85)
(-287, 86)
(-287, 87)
(-287, 88)
(-287, 89)
(-287, 90)
(-287, 91)
(-288, 92)
(-289, 92)
(-287, 92)
(-286, 92)
(-285, 92)
(-284, 92)
(-283, 92)
(-282, 92)
(-281, 92)
(-280, 92)
(-279, 92)
(-278, 93)
(-278, 94)
(-278, 95)
(-278, 96)
(-278, 97)
(-278, 98)
(-278, 99)
(-278, 100)
(-277, 101)
(-276, 101)
(-275, 101)
(-274, 101)
(-273, 101)
(-272, 101)
(-271, 101)
(-270, 101)
(-269, 101)
(-268, 101)
(-267, 102)
(-267, 103)
(-267, 104)
(-267, 105)
(-267, 106)
(-267, 107)
(-267, 108)
(-267, 109)
(-267, 110)
(-268, 111)
(-269, 111)
(-270, 111)
(-271, 111)
(-272, 111)
(-273, 111)
(-274, 111)
(-275, 110)
(-275, 109)
(-275, 108)
(-275, 107)
(-275, 111)
(-275, 112)
(-275, 113)
(-275, 114)
(-276, 115)
(-277, 115)
(-278, 115)
(-279, 115)
(-280, 115)
(-281, 115)
(-282, 115)
(-283, 115)
(-284, 115)
(-285, 115)
(-286, 115)
(-287, 115)
(-288, 115)
(-289, 115)
(-290, 115)
(-275, 115)
(-274, 114)
(-274, 113)
(-273, 112)
(-272, 112)
(-271, 112)
(-270, 112)
(-269, 110)
(-269, 109)
(-269, 108)
(-269, 107)
(-269, 106)
(-269, 105)
(-269, 104)
(-269, 103)
(-269, 102)
(-269, 100)
(-268, 107)
(-266, 107)
(-265, 107)
(-264, 108)
(-264, 109)
(-264, 110)
(-264, 111)
(-264, 112)
(-264, 113)
(-264, 114)
(-264, 115)
(-264, 116)
(-264, 117)
(-264, 118)
(-264, 119)
(-264, 120)
(-264, 121)
(-264, 122)
(-263, 123)
(-262, 124)
(-262, 125)
(-262, 126)
(-262, 127)
(-262, 128)
(-262, 129)
(-262, 130)
(-262, 131)
(-262, 132)
(-262, 133)
(-262, 134)
(-262, 135)
(-262, 123)
(-262, 122)
(-262, 121)
(-263, 120)
(-265, 120)
(-266, 120)
(-267, 120)
(-268, 120)
(-269, 120)
(-270, 120)
(-271, 119)
(-271, 118)
(-271, 117)
(-271, 116)
(-271, 115)
(-271, 114)
(-271, 113)
(-271, 110)
(-271, 109)
(-271, 108)
(-271, 107)
(-272, 106)
(-273, 106)
(-274, 106)
(-275, 106)
(-276, 106)
(-277, 106)
(-278, 106)
(-279, 106)
(-280, 106)
(-281, 106)
(-282, 106)
(-283, 106)
(-284, 106)
(-285, 106)
(-286, 107)
(-286, 108)
(-286, 109)
(-286, 110)
(-286, 111)
(-286, 112)
(-286, 113)
(-286, 114)
(-286, 116)
(-286, 117)
(-286, 118)
(-286, 119)
(-286, 120)
(-287, 119)
(-287, 118)
(-287, 117)
(-287, 116)
(-287, 114)
(-288, 113)
(-289, 113)
(-290, 113)
(-291, 113)
(-292, 113)
(-293, 113)
(-292, 112)
(-291, 112)
(-290, 112)
(-289, 112)
(-288, 112)
(-287, 112)
(-285, 112)
(-284, 112)
(-283, 111)
(-283, 110)
(-283, 109)
(-283, 108)
(-283, 107)
(-283, 105)
(-283, 104)
(-283, 103)
(-283, 102)
(-283, 101)
(-283, 100)
(-283, 99)
(-283, 98)
(-283, 97)
(-282, 96)
(-281, 96)
(-280, 96)
(-279, 96)
(-277, 96)
(-276, 96)
(-275, 96)
(-274, 97)
(-274, 98)
(-274, 99)
(-274, 100)
(-274, 102)
(-274, 103)
(-274, 104)
(-274, 105)
(-274, 107)
(-274, 108)
(-274, 109)
(-276, 110)
(-277, 110)
(-278, 110)
(-279, 110)
(-280, 110)
(-281, 110)
(-282, 110)
(-284, 110)
(-285, 110)
(-287, 110)
(-288, 110)
(-289, 110)
(-290, 110)
(-291, 110)
(-292, 111)
(-292, 110)
(-292, 109)
(-292, 108)
(-292, 107)
(-292, 106)
(-292, 105)
(-292, 104)
(-292, 103)
(-292, 102)
(-292, 101)
(-293, 100)
(-294, 100)
(-295, 100)
(-296, 100)
(-297, 100)
(-298, 100)
(-299, 100)
(-300, 100)
(-301, 100)
(-302, 100)
(-303, 100)
(-304, 100)
(-305, 100)
(-306, 99)
(-306, 98)
(-306, 97)
(-306, 96)
(-306, 95)
(-306, 94)
(-306, 93)
(-306, 92)
(-305, 91)
(-304, 91)
(-303, 91)
(-302, 91)
(-301, 91)
(-300, 91)
(-299, 91)
(-298, 91)
(-306, 91)
(-307, 91)
(-308, 90)
(-308, 89)
(-308, 88)
(-308, 87)
(-308, 86)
(-308, 85)
(-308, 84)
(-308, 83)
(-308, 82)
(-308, 81)
(-308, 80)
(-308, 79)
(-308, 78)
(-308, 77)
(-308, 76)
(-308, 75)
(-309, 74)
(-310, 74)
(-311, 74)
(-312, 74)
(-313, 74)
(-314, 74)
(-315, 74)
(-316, 74)
(-308, 74)
(-317, 74)
(-318, 74)
(-319, 74)
(-320, 74)
(-321, 74)
(-322, 74)
(-323, 74)
(-324, 74)
(-325, 74)
(-326, 75)
(-326, 76)
(-326, 77)
(-326, 78)
(-326, 79)
(-326, 80)
(-326, 81)
(-326, 82)
(-326, 83)
(-326, 84)
(-326, 85)
(-326, 74)
(-326, 73)
(-326, 72)
(-325, 71)
(-324, 71)
(-323, 71)
(-322, 71)
(-321, 71)
(-320, 71)
(-319, 71)
(-318, 71)
(-320, 70)
(-320, 69)
(-320, 68)
(-320, 67)
(-320, 66)
(-320, 65)
(-320, 64)
(-320, 63)
(-320, 62)
(-320, 61)
(-320, 60)
(-320, 59)
(-319, 58)
(-318, 58)
(-317, 58)
(-316, 58)
(-315, 58)
(-314, 57)
(-314, 56)
(-314, 55)
(-314, 54)
(-314, 53)
(-314, 52)
(-314, 51)
(-314, 50)
(-314, 49)
(-314, 48)
(-314, 47)
(-314, 46)
(-314, 45)
(-314, 44)
(-314, 43)
(-314, 42)
(-314, 41)
(-314, 40)
(-313, 39)
(-312, 39)
(-311, 39)
(-310, 39)
(-309, 39)
(-308, 39)
(-307, 39)
(-306, 39)
(-307, 38)
(-308, 38)
(-309, 38)
(-310, 38)
(-311, 38)
(-312, 38)
(-313, 38)
(-314, 38)
(-315, 38)
(-316, 38)
(-317, 38)
(-318, 37)
(-318, 36)
(-318, 35)
(-318, 34)
(-318, 33)
(-318, 32)
(-318, 31)
(-319, 30)
(-320, 30)
(-321, 30)
(-322, 30)
(-323, 30)
(-324, 30)
(-325, 30)
(-326, 30)
(-327, 30)
(-328, 30)
(-329, 30)
(-330, 30)
(-331, 30)
(-332, 30)
(-333, 30)
(-334, 30)
(-335, 30)
(-336, 30)
(-337, 31)
(-337, 32)
(-337, 33)
(-337, 34)
(-337, 35)
(-337, 36)
(-337, 37)
(-337, 38)
(-337, 39)
(-337, 40)
(-337, 41)
(-337, 42)
(-337, 43)
(-336, 44)
(-335, 44)
(-334, 44)
(-333, 44)
(-332, 44)
(-331, 44)
(-330, 44)
(-329, 44)
(-328, 44)
(-327, 44)
(-326, 44)
(-325, 44)
(-324, 44)
(-323, 44)
(-322, 44)
(-321, 44)
(-320, 44)
(-319, 43)
(-319, 42)
(-319, 41)
(-319, 40)
(-319, 39)
(-319, 38)
(-319, 37)
(-319, 36)
(-319, 35)
(-317, 34)
(-316, 34)
(-315, 34)
(-314, 34)
(-313, 34)
(-319, 34)
(-320, 34)
(-321, 34)
(-322, 34)
(-323, 34)
(-324, 34)
(-325, 34)
(-326, 34)
(-327, 34)
(-328, 34)
(-329, 34)
(-330, 35)
(-330, 36)
(-330, 37)
(-330, 38)
(-330, 39)
(-330, 40)
(-330, 41)
(-330, 42)
(-330, 43)
(-330, 45)
(-330, 46)
(-330, 47)
(-330, 48)
(-330, 49)
(-330, 50)
(-330, 51)
(-331, 49)
(-331, 50)
(-331, 51)
(-331, 52)
(-331, 53)
(-331, 54)
(-331, 55)
(-331, 56)
(-331, 48)
(-331, 57)
(-331, 58)
(-331, 59)
(-331, 60)
(-331, 61)
(-331, 62)
(-331, 63)
(-331, 64)
(-331, 65)
(-330, 66)
(-329, 66)
(-328, 66)
(-327, 66)
(-326, 66)
(-325, 66)
(-324, 66)
(-323, 66)
(-322, 66)
(-321, 66)
(-319, 66)
(-318, 66)
(-324, 65)
(-324, 64)
(-324, 63)
(-324, 62)
(-324, 61)
(-324, 60)
(-324, 59)
(-324, 58)
(-324, 57)
(-324, 56)
(-324, 55)
(-324, 54)
(-324, 53)
(-324, 52)
(-324, 51)
(-324, 50)
(-324, 49)
(-324, 48)
(-325, 57)
(-326, 57)
(-327, 58)
(-327, 59)
(-327, 60)
(-327, 61)
(-327, 62)
(-327, 63)
(-327, 64)
(-327, 65)
(-327, 67)
(-327, 68)
(-327, 69)
(-327, 70)
(-327, 71)
(-327, 72)
(-327, 73)
(-328, 73)
(-329, 73)
(-330, 73)
(-331, 73)
(-332, 74)
(-332, 75)
(-332, 76)
(-332, 77)
(-332, 78)
(-332, 79)
(-331, 80)
(-330, 80)
(-329, 80)
(-328, 80)
(-327, 80)
(-325, 80)
(-324, 80)
(-323, 80)
(-322, 80)
(-321, 80)
(-320, 80)
(-319, 80)
(-318, 80)
(-317, 80)
(-316, 79)
(-316, 78)
(-316, 80)
(-316, 81)
(-316, 82)
(-316, 83)
(-316, 84)
(-316, 77)
(-316, 76)
(-316, 75)
(-316, 73)
(-316, 72)
(-316, 71)
(-316, 70)
(-316, 69)
(-317, 68)
(-318, 68)
(-319, 68)
(-321, 68)
(-322, 68)
(-323, 68)
(-324, 68)
(-325, 68)
(-326, 68)
(-328, 68)
(-329, 68)
(-330, 67)
(-330, 65)
(-330, 64)
(-330, 63)
(-330, 62)
(-330, 61)
(-330, 60)
(-330, 59)
(-330, 58)
(-330, 57)
(-330, 56)
(-330, 55)
(-330, 54)
(-330, 53)
(-330, 52)
(-329, 49)
(-328, 49)
(-327, 49)
(-326, 49)
(-325, 49)
(-323, 49)
(-322, 48)
(-322, 47)
(-322, 46)
(-322, 45)
(-322, 43)
(-322, 42)
(-322, 41)
(-322, 40)
(-322, 39)
(-322, 38)
(-322, 37)
(-322, 36)
(-323, 35)
(-324, 35)
(-325, 35)
(-326, 35)
(-327, 35)
(-328, 35)
(-329, 36)
(-329, 37)
(-329, 38)
(-329, 39)
(-329, 40)
(-329, 41)
(-331, 42)
(-332, 42)
(-333, 42)
(-334, 41)
(-334, 40)
(-334, 39)
(-334, 38)
(-334, 37)
(-335, 38)
(-335, 39)
(-335, 40)
(-335, 41)
(-335, 42)
(-335, 43)
(-335, 45)
(-335, 46)
(-335, 47)
(-335, 48)
(-335, 49)
(-336, 50)
(-337, 50)
(-338, 50)
(-339, 50)
(-340, 50)
(-341, 50)
(-342, 50)
(-343, 50)
(-344, 50)
(-345, 51)
(-345, 52)
(-345, 53)
(-345, 54)
(-345, 55)
(-345, 56)
(-345, 57)
(-345, 58)
(-345, 59)
(-345, 60)
(-345, 61)
(-345, 62)
(-345, 63)
(-345, 64)
(-346, 65)
(-347, 65)
(-348, 65)
(-349, 65)
(-350, 65)
(-351, 65)
(-352, 64)
(-352, 63)
(-352, 62)
(-352, 61)
(-352, 60)
(-352, 59)
(-352, 58)
(-352, 57)
(-352, 56)
(-352, 55)
(-352, 54)
(-352, 53)
(-352, 52)
(-353, 51)
(-354, 51)
(-355, 51)
(-356, 51)
(-357, 51)
(-358, 51)
(-359, 51)
(-360, 51)
(-361, 51)
(-362, 51)
(-358, 50)
(-358, 49)
(-358, 48)
(-358, 47)
(-358, 46)
(-358, 45)
(-358, 44)
(-358, 43)
(-358, 42)
(-358, 41)
(-358, 40)
(-358, 39)
(-358, 38)
(-359, 37)
(-360, 37)
(-361, 37)
(-362, 37)
(-363, 37)
(-364, 37)
(-365, 37)
(-366, 37)
(-367, 37)
(-368, 37)
(-369, 37)
(-370, 37)
(-371, 37)
(-372, 37)
(-373, 37)
(-374, 37)
(-375, 37)
(-376, 37)
(-377, 37)
(-378, 37)
(-379, 37)
(-380, 37)
(-381, 37)
(-382, 37)
(-383, 37)
(-384, 37)
(-385, 37)
(-386, 37)
(-387, 37)
(-388, 36)
(-388, 35)
(-388, 34)
(-388, 33)
(-388, 32)
(-388, 31)
(-387, 30)
(-386, 30)
(-385, 30)
(-384, 30)
(-383, 30)
(-382, 30)
(-381, 30)
(-388, 30)
(-389, 30)
(-390, 30)
(-391, 30)
(-392, 30)
(-393, 30)
(-394, 30)
(-395, 30)
(-396, 31)
(-396, 32)
(-396, 33)
(-397, 34)
(-398, 34)
(-399, 34)
(-400, 34)
(-401, 34)
(-402, 34)
(-403, 34)
(-404, 34)
(-405, 35)
(-405, 36)
(-405, 37)
(-405, 38)
(-405, 39)
(-405, 40)
(-405, 41)
(-405, 42)
(-405, 43)
(-405, 44)
(-405, 45)
(-405, 46)
(-405, 47)
(-405, 48)
(-405, 49)
(-405, 50)
(-404, 51)
(-403, 51)
(-402, 51)
(-401, 51)
(-400, 51)
(-399, 51)
(-398, 51)
(-397, 51)
(-396, 51)
(-395, 51)
(-394, 51)
(-393, 51)
(-392, 51)
(-391, 51)
(-398, 52)
(-398, 53)
(-398, 54)
(-398, 55)
(-398, 56)
(-398, 57)
(-398, 58)
(-398, 59)
(-398, 60)
(-398, 61)
(-398, 62)
(-398, 63)
(-398, 64)
(-398, 65)
(-397, 61)
(-396, 61)
(-395, 61)
(-394, 61)
(-393, 61)
(-392, 61)
(-391, 61)
(-399, 61)
(-400, 61)
(-401, 61)
(-402, 61)
(-403, 61)
(-404, 61)
(-405, 61)
(-400, 60)
(-400, 59)
(-400, 58)
(-400, 57)
(-400, 56)
(-400, 55)
(-400, 54)
(-400, 53)
(-400, 52)
(-400, 50)
(-400, 49)
(-400, 48)
(-400, 47)
(-400, 46)
(-400, 45)
(-400, 62)
(-399, 44)
(-398, 44)
(-397, 44)
(-396, 44)
(-395, 44)
(-394, 44)
(-393, 44)
(-392, 44)
(-391, 44)
(-390, 43)
(-390, 42)
(-390, 41)
(-390, 44)
(-390, 45)
(-390, 46)
(-390, 47)
(-390, 48)
(-390, 49)
(-390, 50)
(-390, 51)
(-391, 50)
(-392, 50)
(-393, 50)
(-394, 50)
(-395, 50)
(-396, 50)
(-397, 50)
(-398, 50)
(-399, 50)
(-401, 50)
(-402, 50)
(-403, 50)
(-404, 50)
(-406, 50)
(-407, 50)
(-408, 49)
(-408, 48)
(-408, 47)
(-408, 46)
(-408, 45)
(-408, 44)
(-408, 43)
(-408, 42)
(-408, 41)
(-408, 40)
(-408, 39)
(-408, 38)
(-409, 37)
(-410, 37)
(-411, 37)
(-412, 37)
(-413, 37)
(-414, 37)
(-415, 38)
(-415, 39)
(-415, 40)
(-415, 41)
(-415, 42)
(-415, 43)
(-415, 44)
(-415, 45)
(-415, 46)
(-415, 47)
(-415, 48)
(-415, 49)
(-415, 50)
(-415, 51)
(-415, 52)
(-415, 53)
(-416, 54)
(-417, 54)
(-418, 54)
(-419, 54)
(-420, 54)
(-421, 54)
(-422, 54)
(-423, 54)
(-424, 54)
(-425, 54)
(-426, 54)
(-427, 54)
(-428, 53)
(-428, 52)
(-428, 51)
(-428, 50)
(-429, 51)
(-430, 51)
(-431, 51)
(-432, 51)
(-433, 51)
(-430, 52)
(-430, 53)
(-430, 54)
(-430, 55)
(-430, 56)
(-430, 57)
(-430, 58)
(-430, 59)
(-430, 60)
(-430, 61)
(-430, 62)
(-430, 63)
(-430, 64)
(-430, 65)
(-430, 66)
(-430, 67)
(-430, 68)
(-430, 69)
(-431, 70)
(-432, 70)
(-433, 70)
(-434, 69)
(-434, 68)
(-434, 67)
(-434, 66)
(-434, 65)
(-434, 64)
(-434, 63)
(-435, 69)
(-436, 69)
(-433, 71)
(-433, 72)
(-433, 73)
(-433, 74)
(-433, 75)
(-433, 76)
(-433, 77)
(-433, 78)
(-433, 79)
(-433, 80)
(-433, 81)
(-433, 82)
(-433, 83)
(-433, 84)
(-433, 85)
(-434, 86)
(-434, 87)
(-434, 88)
(-434, 89)
(-434, 90)
(-434, 91)
(-433, 92)
(-432, 92)
(-431, 92)
(-430, 92)
(-429, 92)
(-428, 92)
(-427, 92)
(-426, 92)
(-425, 91)
(-425, 90)
(-425, 89)
(-425, 88)
(-425, 87)
(-425, 86)
(-425, 85)
(-425, 84)
(-425, 83)
(-425, 82)
(-425, 81)
(-425, 80)
(-425, 79)
(-425, 78)
(-425, 77)
(-424, 76)
(-423, 76)
(-422, 76)
(-421, 75)
(-421, 74)
(-421, 73)
(-421, 72)
(-421, 71)
(-421, 70)
(-421, 69)
(-421, 68)
(-420, 67)
(-419, 67)
(-418, 67)
(-417, 67)
(-416, 67)
(-415, 67)
(-414, 67)
(-413, 67)
(-421, 67)
(-422, 67)
(-423, 68)
(-423, 69)
(-423, 70)
(-423, 71)
(-423, 72)
(-423, 73)
(-423, 74)
(-423, 75)
(-423, 77)
(-423, 78)
(-423, 79)
(-423, 80)
(-423, 81)
(-423, 82)
(-423, 83)
(-423, 67)
(-422, 84)
(-421, 84)
(-420, 84)
(-419, 84)
(-418, 84)
(-417, 84)
(-416, 84)
(-415, 84)
(-414, 84)
(-413, 84)
(-412, 84)
(-411, 84)
(-410, 84)
(-409, 84)
(-408, 84)
(-407, 84)
(-406, 84)
(-405, 84)
(-404, 84)
(-403, 84)
(-402, 84)
(-401, 84)
(-400, 84)
(-399, 84)
(-398, 84)
(-397, 84)
(-396, 85)
(-396, 86)
(-396, 87)
(-396, 88)
(-397, 89)
(-398, 89)
(-399, 89)
(-400, 88)
(-400, 87)
(-400, 86)
(-400, 85)
(-400, 83)
5513
(0, 0)
(1, 1)
(2, 2)
(3, 3)
(4, 4)
(3, 5)
(2, 6)
(1, 7)
(0, 8)
(-1, 9)
(-2, 10)
(-1, 10)
(0, 9)
(1, 8)
(0, 7)
(-1, 6)
(0, 5)
(0, 4)
(-1, 3)
(-2, 2)
(-3, 2)
(-4, 1)
(-5, 0)
(-4, -1)
(-3, -2)
(-2, -3)
(-2, -4)
(-1, -5)
(0, -6)
(1, -7)
(2, -8)
(3, -9)
(4, -10)
(5, -11)
(6, -12)
(7, -13)
(8, -14)
(9, -15)
(10, -16)
(11, -17)
(12, -18)
(12, -19)
(11, -20)
(10, -21)
(9, -22)
(8, -23)
(7, -24)
(6, -25)
(5, -26)
(4, -27)
(3, -28)
(2, -29)
(1, -30)
(0, -30)
(-1, -31)
(-2, -30)
(-3, -29)
(-4, -28)
(-5, -29)
(-6, -28)
(-5, -27)
(-4, -26)
(-3, -25)
(-2, -24)
(-1, -23)
(0, -22)
(1, -22)
(2, -23)
(3, -24)
(4, -23)
(5, -24)
(7, -26)
(8, -27)
(9, -28)
(10, -29)
(11, -28)
(12, -27)
(13, -27)
(14, -28)
(15, -29)
(16, -30)
(17, -31)
(16, -32)
(17, -33)
(18, -34)
(19, -35)
(20, -36)
(21, -37)
(22, -38)
(23, -39)
(24, -40)
(25, -41)
(26, -42)
(27, -43)
(28, -44)
(29, -45)
(30, -46)
(31, -45)
(32, -44)
(33, -43)
(34, -43)
(35, -43)
(36, -43)
(37, -44)
(38, -45)
(35, -42)
(34, -41)
(33, -40)
(32, -39)
(31, -38)
(30, -37)
(31, -36)
(32, -35)
(33, -34)
(34, -33)
(35, -32)
(34, -31)
(33, -30)
(32, -30)
(31, -31)
(30, -31)
(29, -31)
(28, -31)
(27, -30)
(26, -29)
(25, -28)
(24, -27)
(23, -28)
(22, -29)
(21, -28)
(20, -27)
(19, -26)
(18, -25)
(17, -24)
(16, -23)
(15, -22)
(14, -21)
(13, -20)
(11, -18)
(10, -17)
(14, -22)
(15, -21)
(16, -20)
(17, -19)
(18, -20)
(19, -21)
(20, -22)
(21, -23)
(22, -24)
(23, -24)
(24, -25)
(25, -24)
(26, -23)
(23, -26)
(22, -27)
(23, -27)
(21, -30)
(20, -31)
(19, -32)
(18, -33)
(17, -32)
(16, -31)
(15, -31)
(14, -32)
(13, -31)
(12, -30)
(11, -30)
(10, -31)
(9, -32)
(8, -33)
(7, -33)
(6, -33)
(5, -33)
(4, -32)
(3, -31)
(2, -31)
(1, -31)
(0, -31)
(-1, -32)
(-2, -33)
(-3, -34)
(-4, -35)
(-5, -36)
(-6, -37)
(-7, -37)
(-8, -36)
(-9, -35)
(-10, -34)
(-11, -33)
(-12, -32)
(-13, -31)
(-14, -30)
(-15, -29)
(-16, -30)
(-17, -29)
(-18, -28)
(-19, -27)
(-19, -26)
(-18, -25)
(-19, -24)
(-20, -23)
(-20, -22)
(-20, -21)
(-20, -20)
(-20, -19)
(-20, -18)
(-20, -17)
(-20, -16)
(-20, -15)
(-20, -14)
(-20, -13)
(-21, -12)
(-22, -11)
(-23, -10)
(-24, -9)
(-25, -8)
(-26, -7)
(-27, -6)
(-28, -5)
(-19, -14)
(-18, -15)
(-17, -16)
(-18, -17)
(-19, -15)
(-21, -17)
(-22, -18)
(-23, -19)
(-24, -18)
(-25, -17)
(-26, -16)
(-27, -15)
(-28, -14)
(-29, -15)
(-30, -16)
(-31, -17)
(-32, -18)
(-31, -19)
(-33, -17)
(-34, -16)
(-35, -17)
(-36, -18)
(-37, -19)
(-38, -20)
(-39, -20)
(-40, -21)
(-41, -22)
(-42, -23)
(-43, -24)
(-44, -25)
(-45, -26)
(-46, -27)
(-47, -26)
(-48, -25)
(-49, -24)
(-48, -23)
(-47, -22)
(-46, -21)
(-45, -20)
(-44, -19)
(-43, -18)
(-42, -18)
(-41, -18)
(-40, -18)
(-41, -19)
(-42, -19)
(-43, -19)
(-45, -19)
(-46, -19)
(-47, -20)
(-48, -21)
(-49, -22)
(-50, -23)
(-51, -24)
(-52, -25)
(-53, -25)
(-54, -26)
(-55, -27)
(-56, -28)
(-56, -29)
(-57, -30)
(-58, -31)
(-59, -32)
(-59, -33)
(-59, -34)
(-59, -35)
(-58, -36)
(-57, -37)
(-56, -38)
(-55, -39)
(-54, -39)
(-53, -39)
(-52, -40)
(-51, -41)
(-50, -42)
(-49, -43)
(-48, -44)
(-47, -44)
(-46, -44)
(-45, -43)
(-44, -42)
(-43, -41)
(-42, -40)
(-41, -41)
(-40, -42)
(-39, -43)
(-38, -44)
(-43, -40)
(-44, -41)
(-45, -42)
(-46, -41)
(-47, -40)
(-48, -39)
(-49, -38)
(-50, -37)
(-49, -36)
(-48, -35)
(-47, -36)
(-46, -37)
(-45, -38)
(-44, -39)
(-42, -41)
(-41, -42)
(-40, -43)
(-39, -44)
(-38, -45)
(-37, -44)
(-37, -43)
(-38, -42)
(-39, -41)
(-40, -41)
(-43, -42)
(-44, -43)
(-45, -44)
(-46, -45)
(-47, -46)
(-48, -47)
(-49, -48)
(-50, -49)
(-51, -50)
(-52, -51)
(-53, -52)
(-54, -51)
(-55, -50)
(-56, -49)
(-57, -48)
(-58, -47)
(-59, -46)
(-60, -45)
(-61, -44)
(-60, -43)
(-59, -42)
(-60, -41)
(-61, -40)
(-62, -39)
(-62, -38)
(-62, -37)
(-62, -36)
(-61, -35)
(-60, -34)
(-58, -32)
(-63, -37)
(-64, -38)
(-65, -39)
(-66, -40)
(-67, -41)
(-68, -42)
(-69, -43)
(-69, -44)
(-70, -45)
(-71, -46)
(-72, -47)
(-73, -48)
(-73, -49)
(-72, -50)
(-71, -51)
(-70, -52)
(-69, -53)
(-70, -54)
(-71, -55)
(-72, -56)
(-73, -57)
(-74, -58)
(-75, -59)
(-76, -60)
(-77, -61)
(-77, -62)
(-77, -63)
(-77, -64)
(-76, -65)
(-75, -66)
(-74, -67)
(-73, -68)
(-72, -69)
(-71, -68)
(-70, -67)
(-69, -66)
(-68, -65)
(-67, -64)
(-66, -63)
(-65, -62)
(-64, -61)
(-63, -60)
(-62, -59)
(-61, -58)
(-60, -57)
(-59, -56)
(-59, -55)
(-60, -54)
(-60, -53)
(-59, -54)
(-58, -53)
(-57, -52)
(-56, -51)
(-55, -49)
(-56, -50)
(-54, -48)
(-53, -47)
(-52, -46)
(-51, -45)
(-50, -44)
(-48, -42)
(-47, -41)
(-46, -40)
(-45, -39)
(-39, -40)
(-38, -39)
(-37, -38)
(-36, -37)
(-35, -36)
(-34, -37)
(-33, -38)
(-32, -39)
(-31, -40)
(-30, -41)
(-29, -42)
(-28, -43)
(-27, -44)
(-26, -45)
(-25, -46)
(-24, -47)
(-25, -48)
(-26, -49)
(-27, -49)
(-28, -49)
(-29, -49)
(-30, -50)
(-29, -51)
(-28, -52)
(-27, -53)
(-26, -54)
(-25, -55)
(-24, -56)
(-23, -57)
(-22, -56)
(-21, -55)
(-20, -54)
(-19, -54)
(-18, -54)
(-17, -54)
(-16, -55)
(-15, -56)
(-14, -56)
(-13, -55)
(-12, -54)
(-11, -53)
(-10, -52)
(-9, -51)
(-8, -50)
(-7, -49)
(-6, -48)
(-5, -47)
(-4, -46)
(-3, -45)
(-2, -45)
(-1, -45)
(0, -45)
(1, -45)
(2, -45)
(3, -45)
(4, -46)
(5, -47)
(6, -48)
(7, -49)
(8, -48)
(9, -47)
(10, -46)
(11, -45)
(12, -44)
(13, -43)
(14, -42)
(15, -41)
(16, -40)
(17, -39)
(18, -38)
(19, -37)
(21, -35)
(21, -34)
(20, -33)
(18, -31)
(17, -30)
(16, -29)
(15, -28)
(14, -27)
(13, -26)
(12, -25)
(11, -24)
(10, -23)
(8, -21)
(7, -20)
(6, -19)
(5, -18)
(4, -17)
(3, -16)
(2, -15)
(1, -14)
(0, -13)
(1, -12)
(2, -11)
(3, -10)
(3, -8)
(3, -7)
(3, -6)
(4, -5)
(5, -4)
(6, -3)
(7, -2)
(8, -1)
(8, -2)
(9, -3)
(10, -4)
(11, -5)
(12, -6)
(12, -7)
(12, -8)
(12, -9)
(12, -10)
(11, -11)
(10, -12)
(9, -13)
(8, -13)
(6, -14)
(5, -14)
(4, -14)
(3, -14)
(2, -14)
(0, -14)
(-1, -14)
(-2, -14)
(-3, -13)
(-4, -12)
(-5, -11)
(-6, -10)
(-3, -14)
(-3, -15)
(-3, -16)
(-3, -17)
(-2, -18)
(-1, -19)
(0, -20)
(1, -21)
(-1, -24)
(-1, -25)
(0, -26)
(1, -27)
(0, -28)
(-1, -29)
(-2, -29)
(-3, -28)
(-4, -27)
(-4, -25)
(-3, -24)
(-2, -23)
(-1, -22)
(0, -21)
(1, -20)
(2, -19)
(1, -18)
(0, -17)
(-1, -16)
(-2, -15)
(-4, -13)
(-5, -12)
(-6, -11)
(-7, -10)
(3, -20)
(4, -21)
(5, -22)
(6, -23)
(8, -25)
(9, -26)
(10, -27)
(12, -29)
(13, -30)
(12, -31)
(11, -32)
(10, -33)
(9, -34)
(8, -34)
(6, -32)
(5, -31)
(4, -30)
(3, -29)
(2, -28)
(8, -35)
(8, -36)
(8, -37)
(8, -38)
(8, -39)
(7, -40)
(6, -41)
(5, -42)
(4, -43)
(3, -44)
(2, -43)
(1, -42)
(0, -41)
(-1, -40)
(-2, -39)
(-3, -38)
(-2, -37)
(-1, -36)
(0, -36)
(1, -36)
(2, -36)
(3, -37)
(4, -38)
(5, -39)
(6, -40)
(7, -41)
(8, -42)
(9, -43)
(10, -44)
(8, -46)
(7, -45)
(6, -44)
(5, -43)
(3, -43)
(2, -44)
(1, -46)
(0, -47)
(-1, -48)
(-1, -47)
(0, -46)
(4, -42)
(5, -41)
(7, -39)
(9, -39)
(10, -39)
(11, -39)
(12, -39)
(13, -40)
(14, -41)
(15, -42)
(12, -40)
(11, -40)
(10, -40)
(9, -40)
(8, -40)
(6, -38)
(5, -37)
(4, -36)
(3, -35)
(2, -34)
(1, -33)
(0, -33)
(-1, -34)
(-2, -35)
(-3, -36)
(-4, -37)
(-5, -38)
(-4, -39)
(-3, -40)
(-2, -40)
(-1, -39)
(0, -38)
(1, -37)
(4, -34)
(5, -35)
(6, -36)
(7, -37)
(10, -38)
(9, -37)
(7, -35)
(7, -34)
(-3, -23)
(-3, -22)
(-2, -21)
(-1, -20)
(-2, -19)
(-3, -18)
(-4, -17)
(-5, -16)
(-6, -15)
(-7, -14)
(-8, -13)
(-8, -12)
(-8, -11)
(-8, -10)
(-8, -9)
(-9, -8)
(-10, -7)
(-11, -6)
(-10, -5)
(-9, -4)
(-8, -3)
(-7, -2)
(-7, -1)
(-7, 0)
(-7, 1)
(-8, 2)
(-9, 3)
(-10, 4)
(-11, 3)
(-12, 2)
(-13, 1)
(-14, 0)
(-15, -1)
(-16, -2)
(-17, -3)
(-18, -4)
(-18, -5)
(-17, -6)
(-16, -7)
(-15, -8)
(-14, -9)
(-13, -10)
(-12, -11)
(-11, -12)
(-10, -13)
(-9, -13)
(-7, -13)
(-6, -13)
(-5, -13)
(-2, -13)
(-1, -13)
(4, -9)
(5, -8)
(6, -7)
(4, -11)
(5, -12)
(6, -13)
(7, -14)
(8, -15)
(9, -16)
(13, -23)
(12, -24)
(11, -25)
(10, -26)
(9, -27)
(8, -28)
(7, -29)
(6, -30)
(6, -34)
(13, -41)
(14, -40)
(15, -39)
(16, -38)
(18, -40)
(19, -41)
(19, -42)
(19, -43)
(19, -44)
(19, -45)
(19, -46)
(18, -47)
(17, -48)
(16, -49)
(15, -50)
(14, -51)
(13, -52)
(12, -53)
(11, -54)
(10, -54)
(9, -53)
(8, -52)
(7, -51)
(6, -50)
(5, -49)
(4, -48)
(3, -47)
(2, -46)
(0, -44)
(-1, -43)
(-2, -42)
(-2, -41)
(-6, -35)
(-7, -35)
(-9, -37)
(-8, -38)
(-6, -36)
(-5, -35)
(-4, -34)
(-3, -33)
(-4, -32)
(-5, -31)
(-6, -30)
(-7, -29)
(-7, -28)
(-6, -27)
(-5, -26)
(-4, -21)
(-5, -20)
(-6, -19)
(-7, -18)
(-6, -20)
(-6, -21)
(-5, -22)
(-3, -20)
(-1, -18)
(1, -16)
(-1, -12)
(-2, -11)
(-1, -10)
(0, -9)
(1, -8)
(2, -7)
(5, -3)
(5, -2)
(5, -1)
(4, 0)
(3, 1)
(3, 2)
(3, 4)
(3, 6)
(3, 7)
(3, 8)
(3, 9)
(3, 10)
(2, 9)
(0, 6)
(1, 5)
(-3, 11)
(-4, 12)
(-5, 13)
(-6, 14)
(-7, 14)
(-8, 13)
(-7, 12)
(-6, 11)
(-6, 10)
(-7, 9)
(-8, 8)
(-9, 7)
(-10, 6)
(-11, 5)
(-12, 4)
(-13, 3)
(-14, 2)
(-15, 1)
(-16, 0)
(-17, -1)
(-18, -2)
(-19, -3)
(-20, -4)
(-19, -5)
(-18, -6)
(-17, -7)
(-16, -8)
(-15, -9)
(-14, -10)
(-13, -11)
(-14, -12)
(-15, -13)
(-16, -14)
(-17, -15)
(-18, -16)
(-19, -17)
(-21, -18)
(-22, -17)
(-23, -16)
(-24, -15)
(-25, -14)
(-26, -13)
(-27, -12)
(-28, -11)
(-29, -10)
(-28, -9)
(-27, -8)
(-25, -6)
(-24, -5)
(-24, -4)
(-24, -3)
(-24, -2)
(-24, -1)
(-24, 0)
(-24, 1)
(-24, 2)
(-24, 3)
(-24, 4)
(-23, 5)
(-22, 6)
(-21, 7)
(-22, 8)
(-23, 9)
(-24, 8)
(-25, 7)
(-26, 6)
(-26, 5)
(-26, 4)
(-26, 3)
(-27, 2)
(-28, 1)
(-29, 0)
(-30, -1)
(-31, -2)
(-32, -3)
(-33, -4)
(-34, -5)
(-35, -6)
(-36, -6)
(-37, -6)
(-38, -6)
(-39, -7)
(-40, -8)
(-41, -9)
(-42, -10)
(-43, -11)
(-44, -10)
(-45, -9)
(-46, -8)
(-47, -7)
(-47, -6)
(-48, -5)
(-49, -4)
(-48, -3)
(-47, -2)
(-46, -1)
(-45, 0)
(-44, -1)
(-43, -2)
(-42, -2)
(-41, -2)
(-40, -2)
(-39, -2)
(-38, -2)
(-37, -3)
(-36, -4)
(-35, -5)
(-34, -6)
(-33, -7)
(-32, -8)
(-32, -9)
(-33, -10)
(-32, -11)
(-31, -12)
(-30, -13)
(-29, -14)
(-28, -15)
(-27, -16)
(-26, -17)
(-25, -18)
(-23, -18)
(-19, -16)
(-17, -14)
(-16, -13)
(-15, -12)
(-14, -11)
(-12, -12)
(-11, -13)
(-10, -12)
(-9, -11)
(-7, -9)
(-6, -8)
(-5, -7)
(-4, -6)
(-3, -5)
(-1, -3)
(0, -2)
(1, -1)
(2, -2)
(3, -3)
(4, -4)
(5, -5)
(6, -6)
(7, -7)
(8, -8)
(9, -9)
(10, -10)
(8, -16)
(8, -17)
(8, -18)
(8, -19)
(6, -21)
(12, -23)
(12, -22)
(11, -22)
(9, -24)
(8, -24)
(7, -23)
(6, -22)
(5, -21)
(4, -20)
(3, -21)
(2, -21)
(-8, -29)
(-9, -30)
(-10, -31)
(-11, -32)
(-12, -33)
(-13, -34)
(-14, -35)
(-15, -36)
(-16, -36)
(-17, -36)
(-18, -36)
(-19, -36)
(-20, -36)
(-21, -36)
(-22, -36)
(-23, -36)
(-24, -36)
(-25, -36)
(-26, -36)
(-27, -36)
(-28, -36)
(-29, -36)
(-30, -36)
(-31, -36)
(-32, -35)
(-33, -36)
(-34, -35)
(-35, -34)
(-36, -33)
(-37, -32)
(-38, -31)
(-39, -30)
(-39, -29)
(-38, -29)
(-37, -30)
(-36, -31)
(-35, -32)
(-34, -33)
(-33, -33)
(-32, -32)
(-31, -31)
(-30, -30)
(-29, -29)
(-28, -28)
(-27, -27)
(-26, -26)
(-25, -25)
(-24, -26)
(-23, -27)
(-22, -28)
(-21, -27)
(-20, -26)
(-19, -25)
(-18, -24)
(-18, -23)
(-19, -23)
(-20, -24)
(-21, -25)
(-22, -26)
(-23, -26)
(-24, -25)
(-25, -24)
(-26, -23)
(-27, -22)
(-28, -22)
(-29, -22)
(-30, -23)
(-31, -24)
(-32, -25)
(-33, -26)
(-33, -27)
(-34, -28)
(-35, -29)
(-36, -30)
(-37, -31)
(-38, -32)
(-39, -33)
(-39, -34)
(-38, -35)
(-37, -36)
(-42, -43)
(-41, -44)
(-42, -45)
(-43, -46)
(-42, -47)
(-43, -47)
(-44, -46)
(-45, -45)
(-47, -45)
(-48, -45)
(-49, -45)
(-50, -45)
(-51, -44)
(-49, -46)
(-47, -47)
(-46, -46)
(-44, -44)
(-43, -43)
(-42, -42)
(-42, -39)
(-42, -38)
(-42, -37)
(-42, -36)
(-42, -35)
(-42, -34)
(-42, -33)
(-42, -32)
(-41, -31)
(-40, -30)
(-38, -28)
(-37, -27)
(-36, -26)
(-35, -26)
(-34, -27)
(-33, -28)
(-32, -29)
(-31, -30)
(-30, -31)
(-29, -32)
(-28, -33)
(-27, -32)
(-26, -31)
(-25, -30)
(-24, -29)
(-24, -28)
(-24, -27)
(-28, -21)
(-29, -20)
(-30, -19)
(-31, -18)
(-25, -23)
(-24, -22)
(-23, -21)
(-22, -20)
(-21, -19)
(-11, -11)
(-10, -10)
(-9, -9)
(-8, -8)
(-9, -7)
(-11, -7)
(-12, -6)
(-13, -7)
(-14, -8)
(-16, -10)
(-16, -11)
(-14, -13)
(-13, -14)
(-12, -14)
(-11, -14)
(-10, -14)
(-7, -11)
(-5, -9)
(-4, -8)
(-3, -7)
(-2, -6)
(0, -4)
(1, -3)
(2, -3)
(8, -9)
(7, -10)
(6, -11)
(5, 0)
(6, 1)
(7, 2)
(8, 3)
(9, 4)
(10, 5)
(11, 6)
(12, 7)
(11, 8)
(10, 9)
(9, 10)
(8, 11)
(7, 12)
(7, 13)
(8, 14)
(9, 13)
(10, 12)
(11, 11)
(12, 10)
(13, 11)
(14, 12)
(15, 13)
(16, 14)
(17, 15)
(18, 16)
(19, 15)
(20, 14)
(21, 13)
(20, 12)
(19, 11)
(18, 11)
(17, 11)
(16, 10)
(15, 9)
(14, 8)
(13, 7)
(12, 6)
(11, 5)
(10, 4)
(10, 3)
(11, 2)
(12, 1)
(13, 0)
(14, -1)
(14, -2)
(14, -3)
(14, -4)
(14, -5)
(14, -6)
(14, -7)
(14, -8)
(14, -9)
(15, -10)
(16, -11)
(15, -12)
(14, -13)
(13, -14)
(12, -15)
(11, -15)
(10, -14)
(8, -12)
(7, -11)
(4, -13)
(2, -17)
(3, -18)
(4, -19)
(5, -20)
(7, -22)
(4, -25)
(3, -26)
(2, -27)
(1, -28)
(0, -29)
(-1, -30)
(-2, -31)
(-3, -32)
(-4, -33)
(-5, -34)
(-4, -36)
(-3, -37)
(-2, -38)
(0, -40)
(1, -41)
(2, -42)
(4, -44)
(5, -45)
(6, -46)
(7, -47)
(7, -48)
(6, -49)
(5, -50)
(4, -51)
(3, -52)
(2, -52)
(1, -52)
(0, -52)
(-1, -52)
(-2, -52)
(-3, -52)
(-4, -51)
(-5, -50)
(-6, -49)
(-7, -48)
(-8, -47)
(-9, -46)
(-10, -45)
(-11, -44)
(-12, -43)
(-13, -43)
(-14, -44)
(-15, -45)
(-16, -46)
(-17, -47)
(-18, -48)
(-19, -48)
(-20, -47)
(-21, -46)
(-22, -45)
(-23, -44)
(-24, -43)
(-25, -42)
(-26, -41)
(-27, -40)
(-28, -39)
(-29, -38)
(-30, -37)
(-32, -36)
(-34, -36)
(-36, -36)
(-38, -36)
(-39, -36)
(-40, -37)
(-39, -38)
(-38, -38)
(-37, -39)
(-36, -40)
(-36, -41)
(-35, -42)
(-34, -43)
(-33, -44)
(-33, -45)
(-33, -46)
(-32, -47)
(-31, -48)
(-30, -49)
(-31, -51)
(-32, -52)
(-33, -53)
(-34, -54)
(-35, -55)
(-36, -56)
(-35, -57)
(-35, -58)
(-35, -59)
(-35, -60)
(-34, -59)
(-33, -58)
(-32, -57)
(-31, -56)
(-30, -55)
(-29, -54)
(-28, -53)
(-22, -58)
(-23, -59)
(-24, -58)
(-25, -57)
(-26, -56)
(-24, -54)
(-23, -54)
(-22, -54)
(-20, -56)
(-19, -57)
(-18, -58)
(-17, -59)
(-16, -60)
(-17, -61)
(-17, -62)
(-16, -63)
(-18, -61)
(-19, -60)
(-20, -59)
(-21, -58)
(-22, -57)
(-23, -56)
(-24, -55)
(-25, -54)
(-26, -53)
(-27, -52)
(-28, -51)
(-29, -50)
(-31, -47)
(-31, -46)
(-31, -45)
(-31, -44)
(-30, -45)
(-29, -46)
(-28, -47)
(-27, -48)
(-25, -50)
(-25, -51)
(-25, -52)
(-24, -53)
(-22, -55)
(-21, -56)
(-20, -57)
(-19, -58)
(-27, -51)
(-26, -50)
(-25, -49)
(-26, -48)
(-27, -47)
(-28, -46)
(-29, -45)
(-30, -44)
(-31, -43)
(-32, -42)
(-33, -41)
(-33, -40)
(-33, -39)
(-33, -37)
(-34, -34)
(-34, -32)
(-34, -31)
(-34, -30)
(-34, -29)
(-34, -26)
(-34, -25)
(-34, -24)
(-34, -23)
(-33, -24)
(-31, -26)
(-30, -27)
(-29, -28)
(-28, -29)
(-27, -30)
(-25, -32)
(-24, -33)
(-23, -34)
(-22, -34)
(-21, -34)
(-20, -34)
(-19, -34)
(-18, -34)
(-17, -34)
(-16, -34)
(-15, -34)
(-16, -35)
(-18, -37)
(-19, -38)
(-20, -39)
(-21, -40)
(-22, -40)
(-23, -40)
(-24, -40)
(-25, -40)
(-26, -40)
(-28, -40)
(-29, -40)
(-36, -35)
(-37, -34)
(-37, -33)
(-38, -30)
(-41, -30)
(-42, -30)
(-43, -30)
(-44, -30)
(-45, -30)
(-46, -30)
(-47, -30)
(-48, -30)
(-49, -30)
(-50, -29)
(-51, -28)
(-52, -27)
(-53, -26)
(-54, -25)
(-55, -24)
(-56, -23)
(-57, -22)
(-58, -22)
(-59, -22)
(-60, -22)
(-61, -23)
(-62, -24)
(-63, -25)
(-64, -26)
(-65, -27)
(-66, -28)
(-67, -29)
(-68, -30)
(-69, -30)
(-70, -29)
(-71, -28)
(-72, -27)
(-73, -27)
(-74, -27)
(-75, -27)
(-76, -27)
(-77, -28)
(-78, -29)
(-79, -28)
(-80, -27)
(-81, -26)
(-82, -25)
(-83, -24)
(-84, -23)
(-85, -22)
(-85, -21)
(-85, -20)
(-85, -19)
(-84, -18)
(-83, -17)
(-82, -16)
(-82, -15)
(-82, -14)
(-82, -13)
(-83, -12)
(-84, -11)
(-85, -10)
(-86, -9)
(-87, -8)
(-88, -7)
(-89, -6)
(-90, -5)
(-91, -4)
(-92, -4)
(-93, -4)
(-94, -4)
(-95, -4)
(-96, -4)
(-97, -3)
(-98, -2)
(-99, -1)
(-100, 0)
(-101, 1)
(-102, 2)
(-103, 3)
(-104, 4)
(-105, 5)
(-106, 6)
(-107, 7)
(-108, 8)
(-109, 9)
(-110, 10)
(-111, 11)
(-112, 12)
(-113, 13)
(-114, 14)
(-115, 15)
(-116, 16)
(-117, 17)
(-118, 17)
(-119, 16)
(-120, 15)
(-121, 14)
(-122, 13)
(-123, 13)
(-124, 13)
(-125, 13)
(-126, 13)
(-127, 13)
(-128, 13)
(-129, 13)
(-130, 12)
(-131, 11)
(-132, 10)
(-133, 9)
(-134, 8)
(-135, 7)
(-136, 6)
(-137, 5)
(-138, 4)
(-139, 3)
(-140, 2)
(-141, 1)
(-142, 0)
(-143, 0)
(-144, 0)
(-145, 0)
(-146, 0)
(-145, 1)
(-144, 2)
(-143, 3)
(-142, 4)
(-143, 5)
(-144, 6)
(-145, 7)
(-145, 8)
(-144, 9)
(-143, 10)
(-142, 11)
(-141, 12)
(-140, 12)
(-139, 11)
(-138, 10)
(-137, 9)
(-136, 8)
(-134, 6)
(-137, 10)
(-137, 11)
(-137, 12)
(-137, 13)
(-138, 14)
(-139, 15)
(-138, 16)
(-137, 17)
(-136, 18)
(-135, 19)
(-136, 19)
(-137, 18)
(-138, 17)
(-139, 16)
(-140, 15)
(-141, 14)
(-142, 13)
(-143, 12)
(-144, 11)
(-145, 10)
(-146, 9)
(-147, 8)
(-148, 7)
(-149, 8)
(-150, 9)
(-151, 10)
(-152, 11)
(-153, 10)
(-154, 9)
(-155, 10)
(-156, 11)
(-157, 12)
(-158, 13)
(-159, 14)
(-160, 15)
(-161, 16)
(-162, 17)
(-163, 18)
(-163, 19)
(-163, 20)
(-163, 21)
(-163, 22)
(-163, 23)
(-163, 24)
(-163, 25)
(-163, 26)
(-163, 27)
(-163, 28)
(-163, 29)
(-163, 30)
(-164, 31)
(-165, 32)
(-165, 33)
(-165, 34)
(-165, 35)
(-164, 36)
(-163, 37)
(-164, 38)
(-165, 39)
(-166, 40)
(-167, 41)
(-168, 42)
(-169, 43)
(-170, 44)
(-171, 45)
(-172, 46)
(-173, 47)
(-172, 48)
(-171, 49)
(-170, 50)
(-169, 51)
(-168, 52)
(-169, 53)
(-170, 54)
(-171, 55)
(-172, 56)
(-173, 57)
(-174, 58)
(-175, 59)
(-176, 60)
(-177, 59)
(-176, 58)
(-177, 57)
(-178, 56)
(-179, 55)
(-180, 54)
(-181, 53)
(-182, 52)
(-183, 51)
(-184, 50)
(-185, 49)
(-186, 48)
(-187, 48)
(-188, 48)
(-189, 48)
(-190, 48)
(-191, 48)
(-192, 47)
(-193, 46)
(-193, 45)
(-194, 44)
(-195, 43)
(-196, 42)
(-197, 43)
(-196, 44)
(-195, 45)
(-194, 46)
(-193, 47)
(-192, 48)
(-188, 47)
(-189, 46)
(-190, 45)
(-191, 44)
(-192, 43)
(-193, 42)
(-194, 41)
(-195, 40)
(-196, 39)
(-197, 38)
(-198, 37)
(-199, 36)
(-200, 35)
(-201, 34)
(-202, 33)
(-203, 32)
(-204, 31)
(-205, 30)
(-206, 29)
(-207, 28)
(-208, 27)
(-208, 26)
(-207, 25)
(-206, 24)
(-205, 23)
(-204, 24)
(-203, 25)
(-202, 26)
(-201, 27)
(-200, 28)
(-200, 29)
(-201, 30)
(-202, 31)
(-204, 33)
(-205, 34)
(-206, 35)
(-207, 36)
(-208, 37)
(-209, 38)
(-210, 39)
(-211, 39)
(-212, 38)
(-211, 37)
(-210, 36)
(-209, 35)
(-210, 40)
(-209, 41)
(-208, 42)
(-209, 43)
(-209, 44)
(-210, 45)
(-211, 46)
(-212, 47)
(-213, 48)
(-214, 49)
(-215, 49)
(-216, 48)
(-217, 49)
(-218, 50)
(-219, 51)
(-220, 52)
(-221, 53)
(-222, 54)
(-223, 55)
(-224, 56)
(-223, 56)
(-222, 57)
(-221, 58)
(-220, 59)
(-220, 60)
(-221, 61)
(-222, 62)
(-223, 63)
(-224, 64)
(-225, 65)
(-226, 66)
(-227, 67)
(-227, 68)
(-227, 69)
(-227, 70)
(-227, 71)
(-227, 72)
(-227, 73)
(-227, 74)
(-226, 75)
(-225, 76)
(-224, 77)
(-223, 78)
(-222, 79)
(-221, 80)
(-220, 81)
(-219, 82)
(-218, 83)
(-218, 84)
(-218, 85)
(-218, 86)
(-218, 87)
(-217, 88)
(-216, 89)
(-215, 90)
(-214, 91)
(-214, 92)
(-214, 93)
(-214, 94)
(-214, 95)
(-215, 94)
(-216, 93)
(-217, 92)
(-218, 91)
(-219, 90)
(-220, 89)
(-221, 88)
(-222, 87)
(-223, 86)
(-224, 85)
(-224, 84)
(-223, 83)
(-222, 82)
(-221, 81)
(-220, 80)
(-220, 79)
(-222, 81)
(-223, 82)
(-224, 83)
(-225, 84)
(-226, 85)
(-227, 86)
(-228, 86)
(-229, 86)
(-230, 86)
(-231, 86)
(-232, 86)
(-233, 85)
(-234, 84)
(-235, 83)
(-236, 82)
(-237, 81)
(-238, 80)
(-239, 79)
(-240, 78)
(-241, 77)
(-242, 76)
(-243, 75)
(-244, 74)
(-245, 73)
(-246, 72)
(-245, 71)
(-244, 70)
(-243, 69)
(-242, 68)
(-241, 67)
(-240, 66)
(-239, 65)
(-238, 65)
(-237, 65)
(-236, 65)
(-235, 64)
(-234, 63)
(-233, 62)
(-232, 61)
(-231, 60)
(-231, 61)
(-232, 62)
(-233, 63)
(-232, 64)
(-231, 65)
(-232, 66)
(-233, 66)
(-234, 66)
(-234, 67)
(-235, 68)
(-236, 69)
(-237, 70)
(-238, 71)
(-239, 72)
(-240, 73)
(-241, 73)
(-242, 72)
(-243, 71)
(-245, 69)
(-246, 69)
(-247, 69)
(-248, 69)
(-249, 69)
(-250, 70)
(-251, 71)
(-252, 72)
(-253, 73)
(-254, 74)
(-255, 75)
(-256, 76)
(-257, 77)
(-258, 78)
(-259, 79)
(-260, 80)
(-261, 81)
(-262, 82)
(-262, 83)
(-262, 84)
(-262, 85)
(-262, 86)
(-263, 87)
(-264, 88)
(-265, 89)
(-266, 90)
(-267, 91)
(-268, 91)
(-269, 90)
(-270, 89)
(-271, 88)
(-272, 87)
(-273, 86)
(-274, 85)
(-275, 84)
(-276, 83)
(-277, 82)
(-278, 82)
(-279, 83)
(-280, 84)
(-281, 85)
(-282, 86)
(-283, 87)
(-284, 88)
(-283, 89)
(-282, 90)
(-281, 91)
(-280, 92)
(-279, 93)
(-278, 94)
(-277, 95)
(-276, 96)
(-275, 97)
(-274, 98)
(-273, 99)
(-272, 100)
(-271, 101)
(-270, 102)
(-269, 103)
(-269, 104)
(-270, 105)
(-271, 106)
(-272, 107)
(-273, 108)
(-274, 109)
(-275, 110)
(-276, 111)
(-277, 112)
(-278, 113)
(-279, 114)
(-280, 115)
(-281, 115)
(-282, 115)
(-281, 114)
(-280, 113)
(-279, 112)
(-278, 112)
(-277, 111)
(-276, 110)
(-275, 109)
(-274, 108)
(-273, 107)
(-272, 106)
(-270, 107)
(-269, 108)
(-268, 109)
(-267, 110)
(-266, 111)
(-265, 112)
(-264, 113)
(-264, 114)
(-263, 115)
(-262, 116)
(-262, 117)
(-262, 118)
(-262, 119)
(-262, 120)
(-262, 121)
(-262, 122)
(-262, 123)
(-262, 124)
(-262, 125)
(-262, 126)
(-262, 127)
(-263, 126)
(-264, 125)
(-265, 124)
(-266, 123)
(-267, 122)
(-268, 121)
(-269, 120)
(-270, 119)
(-271, 118)
(-271, 117)
(-271, 116)
(-271, 115)
(-272, 114)
(-273, 113)
(-274, 112)
(-275, 111)
(-277, 109)
(-278, 108)
(-279, 108)
(-280, 109)
(-281, 110)
(-282, 111)
(-283, 112)
(-284, 113)
(-285, 113)
(-284, 112)
(-283, 111)
(-283, 110)
(-283, 109)
(-283, 108)
(-283, 107)
(-283, 106)
(-283, 105)
(-282, 104)
(-281, 103)
(-280, 102)
(-279, 101)
(-278, 101)
(-277, 102)
(-276, 103)
(-277, 104)
(-278, 105)
(-279, 106)
(-280, 107)
(-281, 108)
(-282, 109)
(-284, 111)
(-285, 112)
(-286, 111)
(-287, 110)
(-288, 109)
(-289, 108)
(-290, 107)
(-291, 106)
(-292, 105)
(-293, 104)
(-294, 103)
(-295, 102)
(-296, 101)
(-297, 100)
(-298, 99)
(-299, 98)
(-300, 97)
(-301, 96)
(-302, 95)
(-303, 94)
(-304, 93)
(-305, 92)
(-306, 91)
(-307, 90)
(-308, 89)
(-308, 88)
(-308, 87)
(-308, 86)
(-308, 85)
(-308, 84)
(-308, 83)
(-309, 82)
(-310, 81)
(-311, 80)
(-312, 79)
(-313, 78)
(-314, 77)
(-315, 76)
(-316, 75)
(-317, 74)
(-318, 75)
(-319, 76)
(-320, 77)
(-321, 78)
(-322, 79)
(-323, 80)
(-324, 79)
(-324, 78)
(-323, 77)
(-322, 76)
(-321, 75)
(-320, 74)
(-320, 73)
(-320, 72)
(-320, 71)
(-320, 70)
(-320, 69)
(-320, 68)
(-320, 67)
(-319, 66)
(-318, 65)
(-317, 64)
(-316, 63)
(-315, 62)
(-314, 61)
(-314, 60)
(-314, 59)
(-314, 58)
(-314, 57)
(-314, 56)
(-314, 55)
(-314, 54)
(-314, 53)
(-314, 52)
(-314, 51)
(-314, 50)
(-314, 49)
(-314, 48)
(-313, 47)
(-312, 46)
(-311, 45)
(-310, 44)
(-310, 43)
(-311, 42)
(-312, 41)
(-313, 40)
(-314, 39)
(-315, 38)
(-316, 37)
(-317, 36)
(-318, 35)
(-319, 34)
(-320, 33)
(-321, 32)
(-322, 31)
(-323, 30)
(-324, 30)
(-325, 30)
(-326, 30)
(-327, 30)
(-328, 30)
(-329, 31)
(-330, 32)
(-331, 33)
(-332, 34)
(-333, 35)
(-334, 36)
(-335, 37)
(-334, 38)
(-333, 39)
(-332, 40)
(-331, 41)
(-330, 42)
(-329, 43)
(-328, 44)
(-327, 43)
(-326, 42)
(-325, 41)
(-324, 40)
(-323, 39)
(-322, 38)
(-321, 37)
(-320, 36)
(-321, 35)
(-322, 35)
(-323, 36)
(-324, 37)
(-325, 38)
(-326, 39)
(-327, 40)
(-328, 41)
(-329, 42)
(-330, 43)
(-331, 44)
(-331, 45)
(-331, 46)
(-331, 47)
(-331, 48)
(-331, 49)
(-331, 50)
(-331, 51)
(-331, 52)
(-331, 53)
(-331, 54)
(-331, 55)
(-331, 56)
(-331, 57)
(-330, 58)
(-329, 59)
(-328, 60)
(-327, 61)
(-326, 62)
(-325, 63)
(-324, 64)
(-324, 63)
(-324, 62)
(-324, 61)
(-324, 60)
(-324, 59)
(-324, 58)
(-324, 57)
(-324, 56)
(-325, 57)
(-326, 58)
(-327, 59)
(-327, 60)
(-327, 62)
(-327, 63)
(-327, 64)
(-327, 65)
(-328, 66)
(-329, 67)
(-330, 68)
(-331, 69)
(-332, 70)
(-332, 71)
(-331, 72)
(-330, 73)
(-329, 74)
(-328, 75)
(-327, 76)
(-326, 77)
(-325, 78)
(-322, 81)
(-321, 80)
(-320, 79)
(-319, 78)
(-318, 77)
(-317, 76)
(-319, 74)
(-321, 72)
(-322, 71)
(-323, 70)
(-324, 69)
(-325, 68)
(-326, 67)
(-327, 66)
(-328, 65)
(-329, 64)
(-330, 63)
(-330, 62)
(-330, 61)
(-330, 60)
(-330, 59)
(-329, 57)
(-328, 56)
(-327, 55)
(-326, 54)
(-325, 53)
(-324, 52)
(-323, 51)
(-322, 50)
(-322, 49)
(-322, 48)
(-322, 47)
(-322, 46)
(-322, 45)
(-322, 44)
(-323, 43)
(-324, 42)
(-326, 41)
(-328, 39)
(-329, 40)
(-330, 41)
(-331, 42)
(-332, 43)
(-333, 44)
(-334, 45)
(-335, 46)
(-336, 47)
(-337, 48)
(-338, 49)
(-339, 50)
(-340, 51)
(-341, 52)
(-342, 53)
(-343, 54)
(-344, 55)
(-345, 56)
(-346, 57)
(-347, 58)
(-348, 59)
(-349, 59)
(-350, 58)
(-351, 57)
(-352, 56)
(-353, 55)
(-354, 54)
(-355, 53)
(-356, 52)
(-357, 51)
(-358, 50)
(-358, 49)
(-358, 48)
(-358, 47)
(-358, 46)
(-359, 45)
(-360, 44)
(-361, 43)
(-362, 42)
(-363, 41)
(-364, 40)
(-365, 39)
(-366, 38)
(-367, 37)
(-368, 37)
(-369, 37)
(-370, 37)
(-371, 37)
(-372, 37)
(-373, 37)
(-374, 37)
(-375, 37)
(-376, 37)
(-377, 37)
(-378, 37)
(-379, 37)
(-380, 36)
(-381, 35)
(-382, 34)
(-383, 33)
(-384, 32)
(-385, 31)
(-386, 30)
(-387, 30)
(-388, 31)
(-389, 32)
(-390, 33)
(-391, 34)
(-392, 34)
(-393, 34)
(-394, 34)
(-395, 34)
(-396, 34)
(-397, 35)
(-398, 36)
(-399, 37)
(-400, 38)
(-401, 39)
(-402, 40)
(-403, 41)
(-404, 42)
(-404, 43)
(-403, 44)
(-402, 45)
(-401, 46)
(-400, 47)
(-399, 48)
(-398, 49)
(-398, 50)
(-398, 51)
(-398, 52)
(-398, 53)
(-398, 54)
(-398, 55)
(-398, 56)
(-398, 57)
(-397, 58)
(-398, 59)
(-399, 59)
(-400, 58)
(-400, 57)
(-400, 56)
(-400, 55)
(-400, 54)
(-400, 53)
(-399, 52)
(-397, 50)
(-396, 49)
(-395, 48)
(-394, 47)
(-393, 46)
(-399, 50)
(-400, 49)
(-401, 48)
(-402, 47)
(-403, 46)
(-404, 45)
(-405, 44)
(-406, 43)
(-407, 42)
(-408, 41)
(-409, 40)
(-410, 41)
(-411, 42)
(-412, 43)
(-413, 44)
(-414, 45)
(-415, 46)
(-416, 47)
(-417, 48)
(-418, 49)
(-419, 50)
(-420, 51)
(-421, 52)
(-422, 51)
(-423, 51)
(-424, 51)
(-425, 51)
(-426, 52)
(-427, 53)
(-428, 54)
(-429, 55)
(-430, 56)
(-430, 57)
(-430, 58)
(-430, 59)
(-430, 60)
(-430, 61)
(-431, 62)
(-432, 63)
(-433, 64)
(-433, 65)
(-433, 66)
(-433, 67)
(-433, 68)
(-433, 69)
(-433, 70)
(-433, 71)
(-433, 72)
(-433, 73)
(-433, 74)
(-433, 75)
(-433, 76)
(-433, 77)
(-434, 78)
(-434, 79)
(-434, 80)
(-434, 81)
(-434, 82)
(-434, 83)
(-433, 84)
(-432, 85)
(-431, 86)
(-430, 87)
(-429, 87)
(-428, 86)
(-427, 85)
(-426, 84)
(-425, 83)
(-424, 82)
(-423, 81)
(-422, 80)
(-421, 79)
(-421, 78)
(-421, 77)
(-421, 76)
(-420, 75)
(-419, 74)
(-418, 73)
(-417, 72)
(-418, 71)
(-419, 72)
(-420, 73)
(-421, 74)
(-422, 75)
(-422, 76)
(-420, 78)
(-419, 79)
(-418, 80)
(-417, 81)
(-416, 82)
(-415, 83)
(-414, 84)
(-413, 84)
(-412, 84)
(-411, 84)
(-410, 84)
(-409, 84)
(-408, 84)
(-407, 84)
(-406, 84)
(-405, 84)
(-404, 85)
(-403, 86)
2427
